Djixstra data:
Turn number		Number of passangers in total		Passangers still living		Dead Passangers		Passangers that have survived
0.0,			120.0,					120.0,				0.0,			0.0
1.0,			120.0,					116.0,				4.0,			3.0
2.0,			120.0,					115.0,				5.0,			3.0
3.0,			120.0,					115.0,				5.0,			5.0
4.0,			120.0,					115.0,				5.0,			5.0
5.0,			120.0,					114.0,				6.0,			10.0
6.0,			120.0,					114.0,				6.0,			10.0
7.0,			120.0,					114.0,				6.0,			16.0
8.0,			120.0,					114.0,				6.0,			16.0
9.0,			120.0,					114.0,				6.0,			25.0
10.0,			120.0,					114.0,				6.0,			25.0
11.0,			120.0,					114.0,				6.0,			29.0
12.0,			120.0,					114.0,				6.0,			29.0
13.0,			120.0,					114.0,				6.0,			35.0
14.0,			120.0,					111.0,				9.0,			35.0
15.0,			120.0,					111.0,				9.0,			39.0
16.0,			120.0,					109.0,				11.0,			40.0
17.0,			120.0,					109.0,				11.0,			45.0
18.0,			120.0,					108.0,				12.0,			45.0
19.0,			120.0,					108.0,				12.0,			55.0
20.0,			120.0,					108.0,				12.0,			57.0
21.0,			120.0,					108.0,				12.0,			64.0
22.0,			120.0,					108.0,				12.0,			64.0
23.0,			120.0,					108.0,				12.0,			73.0
24.0,			120.0,					108.0,				12.0,			75.0
25.0,			120.0,					108.0,				12.0,			82.0
26.0,			120.0,					108.0,				12.0,			82.0
27.0,			120.0,					108.0,				12.0,			89.0
28.0,			120.0,					108.0,				12.0,			90.0
29.0,			120.0,					108.0,				12.0,			98.0
30.0,			120.0,					108.0,				12.0,			98.0
31.0,			120.0,					108.0,				12.0,			103.0
32.0,			120.0,					108.0,				12.0,			104.0
33.0,			120.0,					108.0,				12.0,			107.0
34.0,			120.0,					108.0,				12.0,			107.0
35.0,			120.0,					108.0,				12.0,			107.0
36.0,			120.0,					108.0,				12.0,			107.0
37.0,			120.0,					108.0,				12.0,			107.0
38.0,			120.0,					108.0,				12.0,			107.0
39.0,			120.0,					108.0,				12.0,			108.0
0.0,			120.0,					120.0,				0.0,			0.0
1.0,			120.0,					120.0,				0.0,			0.0
2.0,			120.0,					118.0,				2.0,			0.0
3.0,			120.0,					117.0,				3.0,			4.0
4.0,			120.0,					115.0,				5.0,			4.0
5.0,			120.0,					115.0,				5.0,			7.0
6.0,			120.0,					115.0,				5.0,			8.0
7.0,			120.0,					115.0,				5.0,			13.0
8.0,			120.0,					114.0,				6.0,			13.0
9.0,			120.0,					111.0,				9.0,			20.0
10.0,			120.0,					108.0,				12.0,			20.0
11.0,			120.0,					106.0,				14.0,			23.0
12.0,			120.0,					104.0,				16.0,			23.0
13.0,			120.0,					103.0,				17.0,			30.0
14.0,			120.0,					98.0,				22.0,			30.0
15.0,			120.0,					95.0,				25.0,			39.0
16.0,			120.0,					92.0,				28.0,			41.0
17.0,			120.0,					92.0,				28.0,			44.0
18.0,			120.0,					87.0,				33.0,			46.0
19.0,			120.0,					86.0,				34.0,			52.0
20.0,			120.0,					84.0,				36.0,			52.0
21.0,			120.0,					83.0,				37.0,			58.0
22.0,			120.0,					82.0,				38.0,			58.0
23.0,			120.0,					82.0,				38.0,			61.0
24.0,			120.0,					82.0,				38.0,			63.0
25.0,			120.0,					82.0,				38.0,			66.0
26.0,			120.0,					82.0,				38.0,			66.0
27.0,			120.0,					82.0,				38.0,			72.0
28.0,			120.0,					82.0,				38.0,			74.0
29.0,			120.0,					82.0,				38.0,			75.0
30.0,			120.0,					82.0,				38.0,			75.0
31.0,			120.0,					82.0,				38.0,			76.0
32.0,			120.0,					82.0,				38.0,			79.0
33.0,			120.0,					82.0,				38.0,			82.0
0.0,			120.0,					120.0,				0.0,			0.0
1.0,			120.0,					120.0,				0.0,			1.0
2.0,			120.0,					120.0,				0.0,			1.0
3.0,			120.0,					120.0,				0.0,			5.0
4.0,			120.0,					120.0,				0.0,			7.0
5.0,			120.0,					120.0,				0.0,			7.0
6.0,			120.0,					120.0,				0.0,			10.0
7.0,			120.0,					119.0,				1.0,			13.0
8.0,			120.0,					119.0,				1.0,			15.0
9.0,			120.0,					118.0,				2.0,			19.0
10.0,			120.0,					117.0,				3.0,			21.0
11.0,			120.0,					117.0,				3.0,			25.0
12.0,			120.0,					117.0,				3.0,			28.0
13.0,			120.0,					117.0,				3.0,			34.0
14.0,			120.0,					117.0,				3.0,			38.0
15.0,			120.0,					117.0,				3.0,			42.0
16.0,			120.0,					117.0,				3.0,			46.0
17.0,			120.0,					117.0,				3.0,			55.0
18.0,			120.0,					117.0,				3.0,			57.0
19.0,			120.0,					117.0,				3.0,			62.0
20.0,			120.0,					117.0,				3.0,			65.0
21.0,			120.0,					117.0,				3.0,			70.0
22.0,			120.0,					117.0,				3.0,			74.0
23.0,			120.0,					117.0,				3.0,			83.0
24.0,			120.0,					117.0,				3.0,			86.0
25.0,			120.0,					117.0,				3.0,			91.0
26.0,			120.0,					117.0,				3.0,			93.0
27.0,			120.0,					117.0,				3.0,			98.0
28.0,			120.0,					117.0,				3.0,			101.0
29.0,			120.0,					117.0,				3.0,			104.0
30.0,			120.0,					117.0,				3.0,			107.0
31.0,			120.0,					117.0,				3.0,			111.0
32.0,			120.0,					117.0,				3.0,			113.0
33.0,			120.0,					117.0,				3.0,			117.0
0.0,			120.0,					120.0,				0.0,			0.0
1.0,			120.0,					120.0,				0.0,			5.0
2.0,			120.0,					120.0,				0.0,			5.0
3.0,			120.0,					120.0,				0.0,			6.0
4.0,			120.0,					120.0,				0.0,			6.0
5.0,			120.0,					120.0,				0.0,			6.0
6.0,			120.0,					120.0,				0.0,			6.0
7.0,			120.0,					120.0,				0.0,			11.0
8.0,			120.0,					120.0,				0.0,			11.0
9.0,			120.0,					120.0,				0.0,			17.0
10.0,			120.0,					120.0,				0.0,			18.0
11.0,			120.0,					120.0,				0.0,			24.0
12.0,			120.0,					120.0,				0.0,			26.0
13.0,			120.0,					120.0,				0.0,			31.0
14.0,			120.0,					120.0,				0.0,			32.0
15.0,			120.0,					120.0,				0.0,			42.0
16.0,			120.0,					120.0,				0.0,			44.0
17.0,			120.0,					120.0,				0.0,			51.0
18.0,			120.0,					120.0,				0.0,			55.0
19.0,			120.0,					120.0,				0.0,			63.0
20.0,			120.0,					120.0,				0.0,			66.0
21.0,			120.0,					120.0,				0.0,			70.0
22.0,			120.0,					120.0,				0.0,			73.0
23.0,			120.0,					120.0,				0.0,			83.0
24.0,			120.0,					120.0,				0.0,			85.0
25.0,			120.0,					120.0,				0.0,			94.0
26.0,			120.0,					120.0,				0.0,			97.0
27.0,			120.0,					120.0,				0.0,			103.0
28.0,			120.0,					120.0,				0.0,			105.0
29.0,			120.0,					120.0,				0.0,			109.0
30.0,			120.0,					120.0,				0.0,			109.0
31.0,			120.0,					119.0,				1.0,			115.0
32.0,			120.0,					119.0,				1.0,			115.0
33.0,			120.0,					119.0,				1.0,			119.0
0.0,			120.0,					120.0,				0.0,			0.0
1.0,			120.0,					120.0,				0.0,			1.0
2.0,			120.0,					120.0,				0.0,			1.0
3.0,			120.0,					120.0,				0.0,			2.0
4.0,			120.0,					120.0,				0.0,			3.0
5.0,			120.0,					120.0,				0.0,			5.0
6.0,			120.0,					120.0,				0.0,			5.0
7.0,			120.0,					120.0,				0.0,			10.0
8.0,			120.0,					120.0,				0.0,			11.0
9.0,			120.0,					120.0,				0.0,			20.0
10.0,			120.0,					118.0,				2.0,			21.0
11.0,			120.0,					117.0,				3.0,			30.0
12.0,			120.0,					117.0,				3.0,			31.0
13.0,			120.0,					117.0,				3.0,			41.0
14.0,			120.0,					117.0,				3.0,			41.0
15.0,			120.0,					117.0,				3.0,			49.0
16.0,			120.0,					117.0,				3.0,			50.0
17.0,			120.0,					117.0,				3.0,			59.0
18.0,			120.0,					117.0,				3.0,			61.0
19.0,			120.0,					117.0,				3.0,			67.0
20.0,			120.0,					117.0,				3.0,			70.0
21.0,			120.0,					117.0,				3.0,			75.0
22.0,			120.0,					117.0,				3.0,			76.0
23.0,			120.0,					117.0,				3.0,			86.0
24.0,			120.0,					117.0,				3.0,			86.0
25.0,			120.0,					117.0,				3.0,			97.0
26.0,			120.0,					117.0,				3.0,			98.0
27.0,			120.0,					117.0,				3.0,			104.0
28.0,			120.0,					117.0,				3.0,			106.0
29.0,			120.0,					117.0,				3.0,			113.0
30.0,			120.0,					117.0,				3.0,			113.0
31.0,			120.0,					117.0,				3.0,			115.0
32.0,			120.0,					117.0,				3.0,			115.0
33.0,			120.0,					117.0,				3.0,			117.0
