Djixstra data:
Turn number		Number of passangers in total		Passangers still living		Dead Passangers		Passangers that have survived
0.0,			120.0,					120.0,				0.0,			0.0
1.0,			120.0,					120.0,				0.0,			0.0
2.0,			120.0,					120.0,				0.0,			0.0
3.0,			120.0,					120.0,				0.0,			2.0
4.0,			120.0,					120.0,				0.0,			3.0
5.0,			120.0,					120.0,				0.0,			9.0
6.0,			120.0,					120.0,				0.0,			10.0
7.0,			120.0,					120.0,				0.0,			16.0
8.0,			120.0,					120.0,				0.0,			16.0
9.0,			120.0,					120.0,				0.0,			29.0
10.0,			120.0,					120.0,				0.0,			30.0
11.0,			120.0,					120.0,				0.0,			34.0
12.0,			120.0,					120.0,				0.0,			35.0
13.0,			120.0,					120.0,				0.0,			42.0
14.0,			120.0,					120.0,				0.0,			42.0
15.0,			120.0,					120.0,				0.0,			53.0
16.0,			120.0,					120.0,				0.0,			54.0
17.0,			120.0,					120.0,				0.0,			58.0
18.0,			120.0,					120.0,				0.0,			58.0
19.0,			120.0,					120.0,				0.0,			63.0
20.0,			120.0,					120.0,				0.0,			63.0
21.0,			120.0,					120.0,				0.0,			71.0
22.0,			120.0,					120.0,				0.0,			71.0
23.0,			120.0,					120.0,				0.0,			79.0
24.0,			120.0,					120.0,				0.0,			82.0
25.0,			120.0,					120.0,				0.0,			92.0
26.0,			120.0,					120.0,				0.0,			92.0
27.0,			120.0,					120.0,				0.0,			103.0
28.0,			120.0,					120.0,				0.0,			104.0
29.0,			120.0,					120.0,				0.0,			108.0
30.0,			120.0,					120.0,				0.0,			108.0
31.0,			120.0,					120.0,				0.0,			117.0
32.0,			120.0,					120.0,				0.0,			117.0
33.0,			120.0,					120.0,				0.0,			119.0
34.0,			120.0,					120.0,				0.0,			119.0
35.0,			120.0,					120.0,				0.0,			119.0
36.0,			120.0,					120.0,				0.0,			119.0
37.0,			120.0,					120.0,				0.0,			119.0
38.0,			120.0,					120.0,				0.0,			119.0
39.0,			120.0,					120.0,				0.0,			120.0
