Djixstra data:
Turn number		Number of passangers in total		Passangers still living		Dead Passangers		Passangers that have survived
0.0,			120.0,					120.0,				0.0,			0.0
1.0,			120.0,					120.0,				0.0,			1.0
2.0,			120.0,					118.0,				2.0,			1.0
3.0,			120.0,					118.0,				2.0,			5.0
4.0,			120.0,					118.0,				2.0,			5.0
5.0,			120.0,					118.0,				2.0,			10.0
6.0,			120.0,					118.0,				2.0,			11.0
7.0,			120.0,					118.0,				2.0,			12.0
8.0,			120.0,					118.0,				2.0,			12.0
9.0,			120.0,					118.0,				2.0,			20.0
10.0,			120.0,					118.0,				2.0,			21.0
11.0,			120.0,					118.0,				2.0,			28.0
12.0,			120.0,					118.0,				2.0,			28.0
13.0,			120.0,					118.0,				2.0,			33.0
14.0,			120.0,					118.0,				2.0,			33.0
15.0,			120.0,					118.0,				2.0,			42.0
16.0,			120.0,					118.0,				2.0,			42.0
17.0,			120.0,					118.0,				2.0,			49.0
18.0,			120.0,					118.0,				2.0,			50.0
19.0,			120.0,					118.0,				2.0,			54.0
20.0,			120.0,					118.0,				2.0,			58.0
21.0,			120.0,					118.0,				2.0,			65.0
22.0,			120.0,					118.0,				2.0,			71.0
23.0,			120.0,					118.0,				2.0,			77.0
24.0,			120.0,					118.0,				2.0,			78.0
25.0,			120.0,					118.0,				2.0,			89.0
26.0,			120.0,					118.0,				2.0,			92.0
27.0,			120.0,					118.0,				2.0,			100.0
28.0,			120.0,					118.0,				2.0,			102.0
29.0,			120.0,					118.0,				2.0,			110.0
30.0,			120.0,					118.0,				2.0,			111.0
31.0,			120.0,					118.0,				2.0,			115.0
32.0,			120.0,					118.0,				2.0,			115.0
33.0,			120.0,					118.0,				2.0,			117.0
34.0,			120.0,					118.0,				2.0,			117.0
35.0,			120.0,					118.0,				2.0,			117.0
36.0,			120.0,					118.0,				2.0,			117.0
37.0,			120.0,					118.0,				2.0,			117.0
38.0,			120.0,					118.0,				2.0,			117.0
39.0,			120.0,					118.0,				2.0,			117.0
40.0,			120.0,					118.0,				2.0,			117.0
41.0,			120.0,					118.0,				2.0,			117.0
42.0,			120.0,					118.0,				2.0,			117.0
43.0,			120.0,					118.0,				2.0,			117.0
44.0,			120.0,					118.0,				2.0,			117.0
45.0,			120.0,					118.0,				2.0,			118.0
0.0,			120.0,					120.0,				0.0,			0.0
1.0,			120.0,					119.0,				1.0,			3.0
2.0,			120.0,					119.0,				1.0,			3.0
3.0,			120.0,					119.0,				1.0,			8.0
4.0,			120.0,					119.0,				1.0,			8.0
5.0,			120.0,					119.0,				1.0,			13.0
6.0,			120.0,					119.0,				1.0,			14.0
7.0,			120.0,					119.0,				1.0,			18.0
8.0,			120.0,					119.0,				1.0,			19.0
9.0,			120.0,					119.0,				1.0,			27.0
10.0,			120.0,					119.0,				1.0,			28.0
11.0,			120.0,					119.0,				1.0,			36.0
12.0,			120.0,					119.0,				1.0,			36.0
13.0,			120.0,					119.0,				1.0,			43.0
14.0,			120.0,					119.0,				1.0,			43.0
15.0,			120.0,					119.0,				1.0,			50.0
16.0,			120.0,					119.0,				1.0,			52.0
17.0,			120.0,					119.0,				1.0,			60.0
18.0,			120.0,					119.0,				1.0,			60.0
19.0,			120.0,					119.0,				1.0,			65.0
20.0,			120.0,					119.0,				1.0,			68.0
21.0,			120.0,					119.0,				1.0,			76.0
22.0,			120.0,					119.0,				1.0,			76.0
23.0,			120.0,					119.0,				1.0,			85.0
24.0,			120.0,					119.0,				1.0,			89.0
25.0,			120.0,					119.0,				1.0,			99.0
26.0,			120.0,					119.0,				1.0,			100.0
27.0,			120.0,					119.0,				1.0,			107.0
28.0,			120.0,					119.0,				1.0,			107.0
29.0,			120.0,					119.0,				1.0,			110.0
30.0,			120.0,					119.0,				1.0,			110.0
31.0,			120.0,					119.0,				1.0,			112.0
32.0,			120.0,					119.0,				1.0,			113.0
33.0,			120.0,					119.0,				1.0,			118.0
34.0,			120.0,					119.0,				1.0,			119.0
0.0,			120.0,					120.0,				0.0,			0.0
1.0,			120.0,					120.0,				0.0,			4.0
2.0,			120.0,					120.0,				0.0,			4.0
3.0,			120.0,					119.0,				1.0,			11.0
4.0,			120.0,					119.0,				1.0,			11.0
5.0,			120.0,					118.0,				2.0,			13.0
6.0,			120.0,					117.0,				3.0,			13.0
7.0,			120.0,					117.0,				3.0,			21.0
8.0,			120.0,					114.0,				6.0,			22.0
9.0,			120.0,					112.0,				8.0,			28.0
10.0,			120.0,					112.0,				8.0,			29.0
11.0,			120.0,					111.0,				9.0,			38.0
12.0,			120.0,					111.0,				9.0,			38.0
13.0,			120.0,					111.0,				9.0,			47.0
14.0,			120.0,					111.0,				9.0,			47.0
15.0,			120.0,					111.0,				9.0,			57.0
16.0,			120.0,					111.0,				9.0,			58.0
17.0,			120.0,					111.0,				9.0,			64.0
18.0,			120.0,					111.0,				9.0,			65.0
19.0,			120.0,					111.0,				9.0,			67.0
20.0,			120.0,					111.0,				9.0,			67.0
21.0,			120.0,					111.0,				9.0,			72.0
22.0,			120.0,					111.0,				9.0,			72.0
23.0,			120.0,					111.0,				9.0,			78.0
24.0,			120.0,					111.0,				9.0,			79.0
25.0,			120.0,					111.0,				9.0,			89.0
26.0,			120.0,					111.0,				9.0,			91.0
27.0,			120.0,					111.0,				9.0,			99.0
28.0,			120.0,					111.0,				9.0,			102.0
29.0,			120.0,					111.0,				9.0,			109.0
30.0,			120.0,					111.0,				9.0,			109.0
31.0,			120.0,					111.0,				9.0,			110.0
32.0,			120.0,					111.0,				9.0,			110.0
33.0,			120.0,					111.0,				9.0,			111.0
0.0,			120.0,					120.0,				0.0,			0.0
1.0,			120.0,					120.0,				0.0,			3.0
2.0,			120.0,					120.0,				0.0,			3.0
3.0,			120.0,					120.0,				0.0,			3.0
4.0,			120.0,					120.0,				0.0,			3.0
5.0,			120.0,					120.0,				0.0,			8.0
6.0,			120.0,					120.0,				0.0,			10.0
7.0,			120.0,					120.0,				0.0,			16.0
8.0,			120.0,					120.0,				0.0,			18.0
9.0,			120.0,					120.0,				0.0,			21.0
10.0,			120.0,					120.0,				0.0,			23.0
11.0,			120.0,					120.0,				0.0,			28.0
12.0,			120.0,					120.0,				0.0,			29.0
13.0,			120.0,					120.0,				0.0,			36.0
14.0,			120.0,					120.0,				0.0,			38.0
15.0,			120.0,					120.0,				0.0,			45.0
16.0,			120.0,					120.0,				0.0,			46.0
17.0,			120.0,					120.0,				0.0,			52.0
18.0,			120.0,					120.0,				0.0,			54.0
19.0,			120.0,					120.0,				0.0,			63.0
20.0,			120.0,					120.0,				0.0,			65.0
21.0,			120.0,					120.0,				0.0,			74.0
22.0,			120.0,					120.0,				0.0,			74.0
23.0,			120.0,					120.0,				0.0,			79.0
24.0,			120.0,					120.0,				0.0,			79.0
25.0,			120.0,					120.0,				0.0,			89.0
26.0,			120.0,					120.0,				0.0,			94.0
27.0,			120.0,					120.0,				0.0,			100.0
28.0,			120.0,					120.0,				0.0,			100.0
29.0,			120.0,					120.0,				0.0,			108.0
30.0,			120.0,					120.0,				0.0,			110.0
31.0,			120.0,					120.0,				0.0,			116.0
32.0,			120.0,					120.0,				0.0,			116.0
33.0,			120.0,					120.0,				0.0,			120.0
0.0,			120.0,					120.0,				0.0,			0.0
1.0,			120.0,					120.0,				0.0,			3.0
2.0,			120.0,					120.0,				0.0,			3.0
3.0,			120.0,					120.0,				0.0,			4.0
4.0,			120.0,					120.0,				0.0,			4.0
5.0,			120.0,					120.0,				0.0,			10.0
6.0,			120.0,					120.0,				0.0,			10.0
7.0,			120.0,					120.0,				0.0,			15.0
8.0,			120.0,					120.0,				0.0,			17.0
9.0,			120.0,					120.0,				0.0,			23.0
10.0,			120.0,					120.0,				0.0,			23.0
11.0,			120.0,					120.0,				0.0,			28.0
12.0,			120.0,					120.0,				0.0,			29.0
13.0,			120.0,					120.0,				0.0,			37.0
14.0,			120.0,					120.0,				0.0,			38.0
15.0,			120.0,					120.0,				0.0,			47.0
16.0,			120.0,					120.0,				0.0,			47.0
17.0,			120.0,					120.0,				0.0,			54.0
18.0,			120.0,					120.0,				0.0,			54.0
19.0,			120.0,					120.0,				0.0,			57.0
20.0,			120.0,					120.0,				0.0,			58.0
21.0,			120.0,					120.0,				0.0,			65.0
22.0,			120.0,					120.0,				0.0,			66.0
23.0,			120.0,					120.0,				0.0,			73.0
24.0,			120.0,					120.0,				0.0,			77.0
25.0,			120.0,					120.0,				0.0,			87.0
26.0,			120.0,					120.0,				0.0,			87.0
27.0,			120.0,					120.0,				0.0,			97.0
28.0,			120.0,					120.0,				0.0,			99.0
29.0,			120.0,					120.0,				0.0,			109.0
30.0,			120.0,					120.0,				0.0,			110.0
31.0,			120.0,					120.0,				0.0,			112.0
32.0,			120.0,					120.0,				0.0,			116.0
33.0,			120.0,					120.0,				0.0,			120.0
0.0,			120.0,					120.0,				0.0,			0.0
1.0,			120.0,					120.0,				0.0,			1.0
2.0,			120.0,					120.0,				0.0,			1.0
3.0,			120.0,					120.0,				0.0,			1.0
4.0,			120.0,					119.0,				1.0,			1.0
5.0,			120.0,					117.0,				3.0,			6.0
6.0,			120.0,					117.0,				3.0,			6.0
7.0,			120.0,					117.0,				3.0,			11.0
8.0,			120.0,					116.0,				4.0,			12.0
9.0,			120.0,					116.0,				4.0,			20.0
10.0,			120.0,					115.0,				5.0,			22.0
11.0,			120.0,					115.0,				5.0,			32.0
12.0,			120.0,					115.0,				5.0,			33.0
13.0,			120.0,					115.0,				5.0,			36.0
14.0,			120.0,					114.0,				6.0,			40.0
15.0,			120.0,					114.0,				6.0,			48.0
16.0,			120.0,					114.0,				6.0,			49.0
17.0,			120.0,					114.0,				6.0,			61.0
18.0,			120.0,					112.0,				8.0,			61.0
19.0,			120.0,					111.0,				9.0,			67.0
20.0,			120.0,					111.0,				9.0,			67.0
21.0,			120.0,					110.0,				10.0,			68.0
22.0,			120.0,					109.0,				11.0,			70.0
23.0,			120.0,					109.0,				11.0,			80.0
24.0,			120.0,					108.0,				12.0,			80.0
25.0,			120.0,					108.0,				12.0,			85.0
26.0,			120.0,					108.0,				12.0,			86.0
27.0,			120.0,					108.0,				12.0,			91.0
28.0,			120.0,					108.0,				12.0,			92.0
29.0,			120.0,					108.0,				12.0,			94.0
30.0,			120.0,					108.0,				12.0,			94.0
31.0,			120.0,					108.0,				12.0,			97.0
32.0,			120.0,					108.0,				12.0,			99.0
33.0,			120.0,					108.0,				12.0,			107.0
34.0,			120.0,					108.0,				12.0,			108.0
0.0,			120.0,					120.0,				0.0,			0.0
1.0,			120.0,					120.0,				0.0,			7.0
2.0,			120.0,					120.0,				0.0,			7.0
3.0,			120.0,					120.0,				0.0,			11.0
4.0,			120.0,					120.0,				0.0,			12.0
5.0,			120.0,					120.0,				0.0,			15.0
6.0,			120.0,					120.0,				0.0,			16.0
7.0,			120.0,					120.0,				0.0,			21.0
8.0,			120.0,					120.0,				0.0,			21.0
9.0,			120.0,					120.0,				0.0,			24.0
10.0,			120.0,					120.0,				0.0,			26.0
11.0,			120.0,					120.0,				0.0,			31.0
12.0,			120.0,					120.0,				0.0,			31.0
13.0,			120.0,					120.0,				0.0,			35.0
14.0,			120.0,					120.0,				0.0,			36.0
15.0,			120.0,					120.0,				0.0,			41.0
16.0,			120.0,					120.0,				0.0,			43.0
17.0,			120.0,					120.0,				0.0,			48.0
18.0,			120.0,					120.0,				0.0,			49.0
19.0,			120.0,					120.0,				0.0,			51.0
20.0,			120.0,					120.0,				0.0,			52.0
21.0,			120.0,					120.0,				0.0,			60.0
22.0,			120.0,					120.0,				0.0,			62.0
23.0,			120.0,					120.0,				0.0,			70.0
24.0,			120.0,					120.0,				0.0,			75.0
25.0,			120.0,					120.0,				0.0,			81.0
26.0,			120.0,					120.0,				0.0,			84.0
27.0,			120.0,					120.0,				0.0,			90.0
28.0,			120.0,					120.0,				0.0,			93.0
29.0,			120.0,					120.0,				0.0,			99.0
30.0,			120.0,					120.0,				0.0,			103.0
31.0,			120.0,					120.0,				0.0,			111.0
32.0,			120.0,					120.0,				0.0,			113.0
33.0,			120.0,					120.0,				0.0,			118.0
34.0,			120.0,					120.0,				0.0,			120.0
