Djixstra data:
Turn number		Number of passangers in total		Passangers still living		Dead Passangers		Passangers that have survived
0.0,			138.0,					138.0,				0.0,			0.0
1.0,			138.0,					137.0,				1.0,			0.0
2.0,			138.0,					137.0,				1.0,			0.0
3.0,			138.0,					137.0,				1.0,			0.0
4.0,			138.0,					135.0,				3.0,			0.0
5.0,			138.0,					135.0,				3.0,			0.0
6.0,			138.0,					135.0,				3.0,			2.0
7.0,			138.0,					133.0,				5.0,			4.0
8.0,			138.0,					133.0,				5.0,			4.0
9.0,			138.0,					133.0,				5.0,			7.0
10.0,			138.0,					132.0,				6.0,			10.0
11.0,			138.0,					132.0,				6.0,			10.0
12.0,			138.0,					132.0,				6.0,			17.0
13.0,			138.0,					131.0,				7.0,			19.0
14.0,			138.0,					130.0,				8.0,			20.0
15.0,			138.0,					130.0,				8.0,			25.0
16.0,			138.0,					130.0,				8.0,			26.0
17.0,			138.0,					130.0,				8.0,			28.0
18.0,			138.0,					130.0,				8.0,			36.0
19.0,			138.0,					130.0,				8.0,			40.0
20.0,			138.0,					130.0,				8.0,			41.0
21.0,			138.0,					130.0,				8.0,			45.0
22.0,			138.0,					130.0,				8.0,			49.0
23.0,			138.0,					130.0,				8.0,			49.0
24.0,			138.0,					127.0,				11.0,			51.0
25.0,			138.0,					127.0,				11.0,			54.0
26.0,			138.0,					127.0,				11.0,			55.0
27.0,			138.0,					127.0,				11.0,			60.0
28.0,			138.0,					127.0,				11.0,			66.0
29.0,			138.0,					127.0,				11.0,			67.0
30.0,			138.0,					126.0,				12.0,			69.0
31.0,			138.0,					126.0,				12.0,			72.0
32.0,			138.0,					126.0,				12.0,			74.0
33.0,			138.0,					126.0,				12.0,			81.0
34.0,			138.0,					126.0,				12.0,			84.0
35.0,			138.0,					126.0,				12.0,			84.0
36.0,			138.0,					126.0,				12.0,			89.0
37.0,			138.0,					126.0,				12.0,			92.0
38.0,			138.0,					126.0,				12.0,			93.0
39.0,			138.0,					126.0,				12.0,			96.0
40.0,			138.0,					125.0,				13.0,			100.0
41.0,			138.0,					125.0,				13.0,			100.0
42.0,			138.0,					125.0,				13.0,			105.0
43.0,			138.0,					125.0,				13.0,			109.0
44.0,			138.0,					125.0,				13.0,			109.0
45.0,			138.0,					125.0,				13.0,			111.0
46.0,			138.0,					125.0,				13.0,			113.0
47.0,			138.0,					125.0,				13.0,			113.0
48.0,			138.0,					125.0,				13.0,			115.0
49.0,			138.0,					125.0,				13.0,			118.0
50.0,			138.0,					125.0,				13.0,			118.0
51.0,			138.0,					124.0,				14.0,			119.0
52.0,			138.0,					124.0,				14.0,			121.0
53.0,			138.0,					124.0,				14.0,			121.0
54.0,			138.0,					124.0,				14.0,			121.0
55.0,			138.0,					123.0,				15.0,			121.0
56.0,			138.0,					123.0,				15.0,			121.0
57.0,			138.0,					123.0,				15.0,			121.0
58.0,			138.0,					123.0,				15.0,			121.0
59.0,			138.0,					123.0,				15.0,			121.0
60.0,			138.0,					123.0,				15.0,			121.0
61.0,			138.0,					123.0,				15.0,			121.0
62.0,			138.0,					123.0,				15.0,			121.0
63.0,			138.0,					123.0,				15.0,			121.0
64.0,			138.0,					123.0,				15.0,			121.0
65.0,			138.0,					123.0,				15.0,			121.0
66.0,			138.0,					123.0,				15.0,			121.0
67.0,			138.0,					123.0,				15.0,			121.0
68.0,			138.0,					123.0,				15.0,			121.0
69.0,			138.0,					123.0,				15.0,			121.0
70.0,			138.0,					123.0,				15.0,			121.0
71.0,			138.0,					123.0,				15.0,			121.0
72.0,			138.0,					123.0,				15.0,			121.0
73.0,			138.0,					123.0,				15.0,			121.0
74.0,			138.0,					123.0,				15.0,			121.0
75.0,			138.0,					123.0,				15.0,			121.0
76.0,			138.0,					123.0,				15.0,			121.0
77.0,			138.0,					123.0,				15.0,			121.0
78.0,			138.0,					123.0,				15.0,			121.0
79.0,			138.0,					123.0,				15.0,			121.0
80.0,			138.0,					123.0,				15.0,			121.0
81.0,			138.0,					123.0,				15.0,			121.0
82.0,			138.0,					123.0,				15.0,			121.0
83.0,			138.0,					123.0,				15.0,			121.0
84.0,			138.0,					123.0,				15.0,			121.0
85.0,			138.0,					123.0,				15.0,			121.0
86.0,			138.0,					123.0,				15.0,			121.0
87.0,			138.0,					123.0,				15.0,			121.0
88.0,			138.0,					123.0,				15.0,			123.0
0.0,			138.0,					138.0,				0.0,			0.0
1.0,			138.0,					136.0,				2.0,			0.0
2.0,			138.0,					136.0,				2.0,			0.0
3.0,			138.0,					136.0,				2.0,			0.0
4.0,			138.0,					136.0,				2.0,			0.0
5.0,			138.0,					136.0,				2.0,			0.0
6.0,			138.0,					135.0,				3.0,			0.0
7.0,			138.0,					133.0,				5.0,			10.0
8.0,			138.0,					133.0,				5.0,			10.0
9.0,			138.0,					132.0,				6.0,			10.0
10.0,			138.0,					132.0,				6.0,			15.0
11.0,			138.0,					132.0,				6.0,			18.0
12.0,			138.0,					131.0,				7.0,			20.0
13.0,			138.0,					131.0,				7.0,			25.0
14.0,			138.0,					130.0,				8.0,			27.0
15.0,			138.0,					126.0,				12.0,			29.0
16.0,			138.0,					126.0,				12.0,			37.0
17.0,			138.0,					125.0,				13.0,			40.0
18.0,			138.0,					122.0,				16.0,			40.0
19.0,			138.0,					122.0,				16.0,			50.0
20.0,			138.0,					121.0,				17.0,			50.0
21.0,			138.0,					118.0,				20.0,			50.0
22.0,			138.0,					118.0,				20.0,			55.0
23.0,			138.0,					115.0,				23.0,			55.0
24.0,			138.0,					112.0,				26.0,			55.0
25.0,			138.0,					112.0,				26.0,			60.0
26.0,			138.0,					111.0,				27.0,			60.0
27.0,			138.0,					106.0,				32.0,			60.0
28.0,			138.0,					106.0,				32.0,			66.0
29.0,			138.0,					105.0,				33.0,			67.0
30.0,			138.0,					104.0,				34.0,			67.0
31.0,			138.0,					104.0,				34.0,			72.0
32.0,			138.0,					104.0,				34.0,			72.0
33.0,			138.0,					102.0,				36.0,			72.0
34.0,			138.0,					102.0,				36.0,			76.0
35.0,			138.0,					102.0,				36.0,			78.0
36.0,			138.0,					102.0,				36.0,			78.0
37.0,			138.0,					102.0,				36.0,			79.0
38.0,			138.0,					102.0,				36.0,			79.0
39.0,			138.0,					102.0,				36.0,			79.0
40.0,			138.0,					102.0,				36.0,			87.0
41.0,			138.0,					102.0,				36.0,			87.0
42.0,			138.0,					102.0,				36.0,			87.0
43.0,			138.0,					102.0,				36.0,			91.0
44.0,			138.0,					102.0,				36.0,			91.0
45.0,			138.0,					101.0,				37.0,			92.0
46.0,			138.0,					101.0,				37.0,			98.0
47.0,			138.0,					101.0,				37.0,			98.0
48.0,			138.0,					101.0,				37.0,			98.0
49.0,			138.0,					101.0,				37.0,			101.0
0.0,			138.0,					138.0,				0.0,			0.0
1.0,			138.0,					138.0,				0.0,			0.0
2.0,			138.0,					138.0,				0.0,			0.0
3.0,			138.0,					137.0,				1.0,			0.0
4.0,			138.0,					135.0,				3.0,			0.0
5.0,			138.0,					134.0,				4.0,			0.0
6.0,			138.0,					131.0,				7.0,			0.0
7.0,			138.0,					130.0,				8.0,			3.0
8.0,			138.0,					129.0,				9.0,			3.0
9.0,			138.0,					129.0,				9.0,			3.0
10.0,			138.0,					129.0,				9.0,			8.0
11.0,			138.0,					129.0,				9.0,			9.0
12.0,			138.0,					128.0,				10.0,			10.0
13.0,			138.0,					127.0,				11.0,			15.0
14.0,			138.0,					126.0,				12.0,			16.0
15.0,			138.0,					126.0,				12.0,			17.0
16.0,			138.0,					124.0,				14.0,			25.0
17.0,			138.0,					124.0,				14.0,			25.0
18.0,			138.0,					123.0,				15.0,			26.0
19.0,			138.0,					122.0,				16.0,			35.0
20.0,			138.0,					121.0,				17.0,			38.0
21.0,			138.0,					118.0,				20.0,			39.0
22.0,			138.0,					117.0,				21.0,			41.0
23.0,			138.0,					115.0,				23.0,			41.0
24.0,			138.0,					114.0,				24.0,			41.0
25.0,			138.0,					114.0,				24.0,			46.0
26.0,			138.0,					114.0,				24.0,			46.0
27.0,			138.0,					112.0,				26.0,			47.0
28.0,			138.0,					111.0,				27.0,			55.0
29.0,			138.0,					110.0,				28.0,			57.0
30.0,			138.0,					110.0,				28.0,			60.0
31.0,			138.0,					110.0,				28.0,			62.0
32.0,			138.0,					109.0,				29.0,			64.0
33.0,			138.0,					102.0,				36.0,			65.0
34.0,			138.0,					99.0,				39.0,			69.0
35.0,			138.0,					98.0,				40.0,			69.0
36.0,			138.0,					95.0,				43.0,			69.0
37.0,			138.0,					95.0,				43.0,			75.0
38.0,			138.0,					94.0,				44.0,			76.0
39.0,			138.0,					94.0,				44.0,			76.0
40.0,			138.0,					94.0,				44.0,			80.0
41.0,			138.0,					94.0,				44.0,			80.0
42.0,			138.0,					94.0,				44.0,			80.0
43.0,			138.0,					94.0,				44.0,			85.0
44.0,			138.0,					94.0,				44.0,			85.0
45.0,			138.0,					94.0,				44.0,			85.0
46.0,			138.0,					94.0,				44.0,			91.0
47.0,			138.0,					94.0,				44.0,			91.0
48.0,			138.0,					94.0,				44.0,			92.0
49.0,			138.0,					94.0,				44.0,			93.0
50.0,			138.0,					94.0,				44.0,			93.0
51.0,			138.0,					94.0,				44.0,			93.0
52.0,			138.0,					94.0,				44.0,			93.0
53.0,			138.0,					94.0,				44.0,			93.0
54.0,			138.0,					94.0,				44.0,			93.0
55.0,			138.0,					94.0,				44.0,			93.0
56.0,			138.0,					94.0,				44.0,			93.0
57.0,			138.0,					94.0,				44.0,			93.0
58.0,			138.0,					94.0,				44.0,			93.0
59.0,			138.0,					94.0,				44.0,			93.0
60.0,			138.0,					94.0,				44.0,			93.0
61.0,			138.0,					94.0,				44.0,			93.0
62.0,			138.0,					94.0,				44.0,			93.0
63.0,			138.0,					94.0,				44.0,			93.0
64.0,			138.0,					94.0,				44.0,			93.0
65.0,			138.0,					94.0,				44.0,			93.0
66.0,			138.0,					94.0,				44.0,			93.0
67.0,			138.0,					94.0,				44.0,			93.0
68.0,			138.0,					94.0,				44.0,			94.0
0.0,			138.0,					138.0,				0.0,			0.0
1.0,			138.0,					136.0,				2.0,			0.0
2.0,			138.0,					136.0,				2.0,			0.0
3.0,			138.0,					134.0,				4.0,			0.0
4.0,			138.0,					133.0,				5.0,			0.0
5.0,			138.0,					133.0,				5.0,			0.0
6.0,			138.0,					132.0,				6.0,			0.0
7.0,			138.0,					132.0,				6.0,			4.0
8.0,			138.0,					132.0,				6.0,			4.0
9.0,			138.0,					128.0,				10.0,			4.0
10.0,			138.0,					126.0,				12.0,			7.0
11.0,			138.0,					124.0,				14.0,			8.0
12.0,			138.0,					123.0,				15.0,			9.0
13.0,			138.0,					122.0,				16.0,			11.0
14.0,			138.0,					121.0,				17.0,			11.0
15.0,			138.0,					117.0,				21.0,			11.0
16.0,			138.0,					115.0,				23.0,			13.0
17.0,			138.0,					114.0,				24.0,			14.0
18.0,			138.0,					114.0,				24.0,			14.0
19.0,			138.0,					114.0,				24.0,			24.0
20.0,			138.0,					113.0,				25.0,			26.0
21.0,			138.0,					113.0,				25.0,			26.0
22.0,			138.0,					111.0,				27.0,			29.0
23.0,			138.0,					111.0,				27.0,			32.0
24.0,			138.0,					110.0,				28.0,			32.0
25.0,			138.0,					109.0,				29.0,			39.0
26.0,			138.0,					109.0,				29.0,			39.0
27.0,			138.0,					108.0,				30.0,			40.0
28.0,			138.0,					108.0,				30.0,			47.0
29.0,			138.0,					107.0,				31.0,			49.0
30.0,			138.0,					102.0,				36.0,			51.0
31.0,			138.0,					101.0,				37.0,			55.0
32.0,			138.0,					101.0,				37.0,			58.0
33.0,			138.0,					100.0,				38.0,			58.0
34.0,			138.0,					99.0,				39.0,			59.0
35.0,			138.0,					99.0,				39.0,			60.0
36.0,			138.0,					96.0,				42.0,			60.0
37.0,			138.0,					95.0,				43.0,			65.0
38.0,			138.0,					95.0,				43.0,			67.0
39.0,			138.0,					95.0,				43.0,			68.0
40.0,			138.0,					95.0,				43.0,			77.0
41.0,			138.0,					95.0,				43.0,			78.0
42.0,			138.0,					95.0,				43.0,			78.0
43.0,			138.0,					95.0,				43.0,			83.0
44.0,			138.0,					95.0,				43.0,			83.0
45.0,			138.0,					95.0,				43.0,			83.0
46.0,			138.0,					95.0,				43.0,			85.0
47.0,			138.0,					95.0,				43.0,			87.0
48.0,			138.0,					95.0,				43.0,			87.0
49.0,			138.0,					95.0,				43.0,			89.0
50.0,			138.0,					95.0,				43.0,			89.0
51.0,			138.0,					95.0,				43.0,			89.0
52.0,			138.0,					95.0,				43.0,			91.0
53.0,			138.0,					95.0,				43.0,			91.0
54.0,			138.0,					95.0,				43.0,			91.0
55.0,			138.0,					95.0,				43.0,			91.0
56.0,			138.0,					95.0,				43.0,			91.0
57.0,			138.0,					95.0,				43.0,			91.0
58.0,			138.0,					95.0,				43.0,			91.0
59.0,			138.0,					95.0,				43.0,			91.0
60.0,			138.0,					95.0,				43.0,			92.0
61.0,			138.0,					95.0,				43.0,			92.0
62.0,			138.0,					95.0,				43.0,			92.0
63.0,			138.0,					95.0,				43.0,			92.0
64.0,			138.0,					95.0,				43.0,			92.0
65.0,			138.0,					95.0,				43.0,			92.0
66.0,			138.0,					95.0,				43.0,			92.0
67.0,			138.0,					95.0,				43.0,			93.0
68.0,			138.0,					95.0,				43.0,			93.0
69.0,			138.0,					95.0,				43.0,			93.0
70.0,			138.0,					95.0,				43.0,			93.0
71.0,			138.0,					95.0,				43.0,			93.0
72.0,			138.0,					95.0,				43.0,			94.0
73.0,			138.0,					95.0,				43.0,			94.0
74.0,			138.0,					95.0,				43.0,			94.0
75.0,			138.0,					95.0,				43.0,			94.0
76.0,			138.0,					95.0,				43.0,			94.0
77.0,			138.0,					95.0,				43.0,			94.0
78.0,			138.0,					95.0,				43.0,			94.0
79.0,			138.0,					95.0,				43.0,			94.0
80.0,			138.0,					95.0,				43.0,			94.0
81.0,			138.0,					95.0,				43.0,			94.0
82.0,			138.0,					95.0,				43.0,			95.0
0.0,			138.0,					138.0,				0.0,			0.0
1.0,			138.0,					138.0,				0.0,			0.0
2.0,			138.0,					138.0,				0.0,			0.0
3.0,			138.0,					137.0,				1.0,			0.0
4.0,			138.0,					136.0,				2.0,			0.0
5.0,			138.0,					136.0,				2.0,			0.0
6.0,			138.0,					136.0,				2.0,			0.0
7.0,			138.0,					136.0,				2.0,			5.0
8.0,			138.0,					135.0,				3.0,			5.0
9.0,			138.0,					134.0,				4.0,			7.0
10.0,			138.0,					133.0,				5.0,			12.0
11.0,			138.0,					133.0,				5.0,			12.0
12.0,			138.0,					133.0,				5.0,			12.0
13.0,			138.0,					133.0,				5.0,			22.0
14.0,			138.0,					132.0,				6.0,			22.0
15.0,			138.0,					130.0,				8.0,			22.0
16.0,			138.0,					129.0,				9.0,			25.0
17.0,			138.0,					128.0,				10.0,			25.0
18.0,			138.0,					128.0,				10.0,			26.0
19.0,			138.0,					128.0,				10.0,			33.0
20.0,			138.0,					126.0,				12.0,			34.0
21.0,			138.0,					126.0,				12.0,			34.0
22.0,			138.0,					126.0,				12.0,			49.0
23.0,			138.0,					126.0,				12.0,			49.0
24.0,			138.0,					126.0,				12.0,			49.0
25.0,			138.0,					125.0,				13.0,			67.0
26.0,			138.0,					124.0,				14.0,			67.0
27.0,			138.0,					124.0,				14.0,			67.0
28.0,			138.0,					124.0,				14.0,			74.0
29.0,			138.0,					124.0,				14.0,			74.0
30.0,			138.0,					124.0,				14.0,			76.0
31.0,			138.0,					124.0,				14.0,			79.0
32.0,			138.0,					124.0,				14.0,			80.0
33.0,			138.0,					124.0,				14.0,			80.0
34.0,			138.0,					124.0,				14.0,			85.0
35.0,			138.0,					124.0,				14.0,			85.0
36.0,			138.0,					124.0,				14.0,			85.0
37.0,			138.0,					124.0,				14.0,			93.0
38.0,			138.0,					123.0,				15.0,			96.0
39.0,			138.0,					123.0,				15.0,			96.0
40.0,			138.0,					123.0,				15.0,			104.0
41.0,			138.0,					123.0,				15.0,			104.0
42.0,			138.0,					123.0,				15.0,			105.0
43.0,			138.0,					123.0,				15.0,			114.0
44.0,			138.0,					123.0,				15.0,			115.0
45.0,			138.0,					123.0,				15.0,			115.0
46.0,			138.0,					123.0,				15.0,			118.0
47.0,			138.0,					123.0,				15.0,			118.0
48.0,			138.0,					123.0,				15.0,			118.0
49.0,			138.0,					123.0,				15.0,			120.0
50.0,			138.0,					123.0,				15.0,			120.0
51.0,			138.0,					123.0,				15.0,			120.0
52.0,			138.0,					123.0,				15.0,			123.0
0.0,			138.0,					138.0,				0.0,			0.0
1.0,			138.0,					138.0,				0.0,			0.0
2.0,			138.0,					135.0,				3.0,			0.0
3.0,			138.0,					133.0,				5.0,			0.0
4.0,			138.0,					133.0,				5.0,			0.0
5.0,			138.0,					132.0,				6.0,			0.0
6.0,			138.0,					132.0,				6.0,			0.0
7.0,			138.0,					132.0,				6.0,			7.0
8.0,			138.0,					132.0,				6.0,			7.0
9.0,			138.0,					132.0,				6.0,			7.0
10.0,			138.0,					132.0,				6.0,			13.0
11.0,			138.0,					131.0,				7.0,			15.0
12.0,			138.0,					131.0,				7.0,			16.0
13.0,			138.0,					130.0,				8.0,			22.0
14.0,			138.0,					130.0,				8.0,			26.0
15.0,			138.0,					130.0,				8.0,			26.0
16.0,			138.0,					129.0,				9.0,			35.0
17.0,			138.0,					129.0,				9.0,			36.0
18.0,			138.0,					128.0,				10.0,			36.0
19.0,			138.0,					127.0,				11.0,			45.0
20.0,			138.0,					127.0,				11.0,			50.0
21.0,			138.0,					126.0,				12.0,			51.0
22.0,			138.0,					126.0,				12.0,			56.0
23.0,			138.0,					126.0,				12.0,			59.0
24.0,			138.0,					126.0,				12.0,			59.0
25.0,			138.0,					126.0,				12.0,			64.0
26.0,			138.0,					126.0,				12.0,			65.0
27.0,			138.0,					126.0,				12.0,			66.0
28.0,			138.0,					125.0,				13.0,			75.0
29.0,			138.0,					125.0,				13.0,			76.0
30.0,			138.0,					125.0,				13.0,			77.0
31.0,			138.0,					125.0,				13.0,			87.0
32.0,			138.0,					125.0,				13.0,			88.0
33.0,			138.0,					125.0,				13.0,			88.0
34.0,			138.0,					125.0,				13.0,			91.0
35.0,			138.0,					125.0,				13.0,			91.0
36.0,			138.0,					125.0,				13.0,			91.0
37.0,			138.0,					125.0,				13.0,			98.0
38.0,			138.0,					125.0,				13.0,			99.0
39.0,			138.0,					125.0,				13.0,			102.0
40.0,			138.0,					125.0,				13.0,			106.0
41.0,			138.0,					125.0,				13.0,			108.0
42.0,			138.0,					125.0,				13.0,			108.0
43.0,			138.0,					125.0,				13.0,			108.0
44.0,			138.0,					125.0,				13.0,			109.0
45.0,			138.0,					125.0,				13.0,			109.0
46.0,			138.0,					125.0,				13.0,			114.0
47.0,			138.0,					125.0,				13.0,			114.0
48.0,			138.0,					125.0,				13.0,			114.0
49.0,			138.0,					125.0,				13.0,			120.0
50.0,			138.0,					125.0,				13.0,			120.0
51.0,			138.0,					125.0,				13.0,			120.0
52.0,			138.0,					125.0,				13.0,			124.0
53.0,			138.0,					125.0,				13.0,			124.0
54.0,			138.0,					125.0,				13.0,			124.0
55.0,			138.0,					125.0,				13.0,			124.0
56.0,			138.0,					125.0,				13.0,			124.0
57.0,			138.0,					125.0,				13.0,			124.0
58.0,			138.0,					125.0,				13.0,			124.0
59.0,			138.0,					125.0,				13.0,			124.0
60.0,			138.0,					125.0,				13.0,			124.0
61.0,			138.0,					125.0,				13.0,			124.0
62.0,			138.0,					125.0,				13.0,			124.0
63.0,			138.0,					125.0,				13.0,			125.0
0.0,			138.0,					138.0,				0.0,			0.0
1.0,			138.0,					138.0,				0.0,			0.0
2.0,			138.0,					138.0,				0.0,			0.0
3.0,			138.0,					138.0,				0.0,			0.0
4.0,			138.0,					138.0,				0.0,			0.0
5.0,			138.0,					138.0,				0.0,			0.0
6.0,			138.0,					138.0,				0.0,			0.0
7.0,			138.0,					138.0,				0.0,			9.0
8.0,			138.0,					138.0,				0.0,			11.0
9.0,			138.0,					138.0,				0.0,			11.0
10.0,			138.0,					138.0,				0.0,			15.0
11.0,			138.0,					138.0,				0.0,			15.0
12.0,			138.0,					138.0,				0.0,			15.0
13.0,			138.0,					138.0,				0.0,			19.0
14.0,			138.0,					138.0,				0.0,			21.0
15.0,			138.0,					138.0,				0.0,			23.0
16.0,			138.0,					138.0,				0.0,			30.0
17.0,			138.0,					138.0,				0.0,			32.0
18.0,			138.0,					138.0,				0.0,			32.0
19.0,			138.0,					138.0,				0.0,			44.0
20.0,			138.0,					138.0,				0.0,			44.0
21.0,			138.0,					138.0,				0.0,			45.0
22.0,			138.0,					138.0,				0.0,			53.0
23.0,			138.0,					138.0,				0.0,			54.0
24.0,			138.0,					138.0,				0.0,			59.0
25.0,			138.0,					138.0,				0.0,			70.0
26.0,			138.0,					138.0,				0.0,			71.0
27.0,			138.0,					138.0,				0.0,			73.0
28.0,			138.0,					138.0,				0.0,			81.0
29.0,			138.0,					138.0,				0.0,			81.0
30.0,			138.0,					138.0,				0.0,			81.0
31.0,			138.0,					138.0,				0.0,			85.0
32.0,			138.0,					138.0,				0.0,			86.0
33.0,			138.0,					138.0,				0.0,			89.0
34.0,			138.0,					138.0,				0.0,			93.0
35.0,			138.0,					138.0,				0.0,			97.0
36.0,			138.0,					138.0,				0.0,			98.0
37.0,			138.0,					138.0,				0.0,			102.0
38.0,			138.0,					138.0,				0.0,			103.0
39.0,			138.0,					138.0,				0.0,			105.0
40.0,			138.0,					138.0,				0.0,			113.0
41.0,			138.0,					138.0,				0.0,			115.0
42.0,			138.0,					138.0,				0.0,			115.0
43.0,			138.0,					138.0,				0.0,			120.0
44.0,			138.0,					138.0,				0.0,			123.0
45.0,			138.0,					138.0,				0.0,			124.0
46.0,			138.0,					138.0,				0.0,			127.0
47.0,			138.0,					138.0,				0.0,			131.0
48.0,			138.0,					138.0,				0.0,			131.0
49.0,			138.0,					138.0,				0.0,			133.0
50.0,			138.0,					138.0,				0.0,			133.0
51.0,			138.0,					138.0,				0.0,			133.0
52.0,			138.0,					138.0,				0.0,			138.0
0.0,			138.0,					138.0,				0.0,			0.0
1.0,			138.0,					137.0,				1.0,			0.0
2.0,			138.0,					137.0,				1.0,			0.0
3.0,			138.0,					137.0,				1.0,			0.0
4.0,			138.0,					137.0,				1.0,			0.0
5.0,			138.0,					136.0,				2.0,			0.0
6.0,			138.0,					135.0,				3.0,			0.0
7.0,			138.0,					135.0,				3.0,			5.0
8.0,			138.0,					135.0,				3.0,			5.0
9.0,			138.0,					135.0,				3.0,			6.0
10.0,			138.0,					134.0,				4.0,			7.0
11.0,			138.0,					131.0,				7.0,			8.0
12.0,			138.0,					129.0,				9.0,			9.0
13.0,			138.0,					127.0,				11.0,			15.0
14.0,			138.0,					126.0,				12.0,			15.0
15.0,			138.0,					120.0,				18.0,			15.0
16.0,			138.0,					119.0,				19.0,			17.0
17.0,			138.0,					117.0,				21.0,			17.0
18.0,			138.0,					115.0,				23.0,			17.0
19.0,			138.0,					114.0,				24.0,			21.0
20.0,			138.0,					114.0,				24.0,			21.0
21.0,			138.0,					108.0,				30.0,			21.0
22.0,			138.0,					105.0,				33.0,			23.0
23.0,			138.0,					104.0,				34.0,			23.0
24.0,			138.0,					102.0,				36.0,			23.0
25.0,			138.0,					96.0,				42.0,			28.0
26.0,			138.0,					94.0,				44.0,			28.0
27.0,			138.0,					87.0,				51.0,			29.0
28.0,			138.0,					83.0,				55.0,			33.0
29.0,			138.0,					82.0,				56.0,			35.0
30.0,			138.0,					78.0,				60.0,			35.0
31.0,			138.0,					72.0,				66.0,			36.0
32.0,			138.0,					72.0,				66.0,			36.0
33.0,			138.0,					67.0,				71.0,			36.0
34.0,			138.0,					67.0,				71.0,			38.0
35.0,			138.0,					66.0,				72.0,			38.0
36.0,			138.0,					62.0,				76.0,			38.0
37.0,			138.0,					62.0,				76.0,			41.0
38.0,			138.0,					60.0,				78.0,			41.0
39.0,			138.0,					59.0,				79.0,			41.0
40.0,			138.0,					59.0,				79.0,			44.0
41.0,			138.0,					58.0,				80.0,			44.0
42.0,			138.0,					54.0,				84.0,			44.0
43.0,			138.0,					54.0,				84.0,			47.0
44.0,			138.0,					53.0,				85.0,			47.0
45.0,			138.0,					52.0,				86.0,			47.0
46.0,			138.0,					52.0,				86.0,			49.0
47.0,			138.0,					52.0,				86.0,			49.0
48.0,			138.0,					52.0,				86.0,			49.0
49.0,			138.0,					52.0,				86.0,			49.0
50.0,			138.0,					52.0,				86.0,			49.0
51.0,			138.0,					52.0,				86.0,			49.0
52.0,			138.0,					52.0,				86.0,			49.0
53.0,			138.0,					52.0,				86.0,			49.0
54.0,			138.0,					52.0,				86.0,			49.0
55.0,			138.0,					52.0,				86.0,			49.0
56.0,			138.0,					52.0,				86.0,			49.0
57.0,			138.0,					52.0,				86.0,			49.0
58.0,			138.0,					52.0,				86.0,			49.0
59.0,			138.0,					52.0,				86.0,			49.0
60.0,			138.0,					52.0,				86.0,			49.0
61.0,			138.0,					52.0,				86.0,			49.0
62.0,			138.0,					52.0,				86.0,			49.0
63.0,			138.0,					52.0,				86.0,			49.0
64.0,			138.0,					52.0,				86.0,			49.0
65.0,			138.0,					52.0,				86.0,			49.0
66.0,			138.0,					52.0,				86.0,			49.0
67.0,			138.0,					52.0,				86.0,			49.0
68.0,			138.0,					52.0,				86.0,			49.0
69.0,			138.0,					52.0,				86.0,			49.0
70.0,			138.0,					52.0,				86.0,			49.0
71.0,			138.0,					52.0,				86.0,			49.0
72.0,			138.0,					52.0,				86.0,			49.0
73.0,			138.0,					52.0,				86.0,			49.0
74.0,			138.0,					52.0,				86.0,			49.0
75.0,			138.0,					52.0,				86.0,			49.0
76.0,			138.0,					52.0,				86.0,			49.0
77.0,			138.0,					52.0,				86.0,			49.0
78.0,			138.0,					52.0,				86.0,			49.0
79.0,			138.0,					52.0,				86.0,			49.0
80.0,			138.0,					52.0,				86.0,			49.0
81.0,			138.0,					52.0,				86.0,			49.0
82.0,			138.0,					52.0,				86.0,			49.0
83.0,			138.0,					52.0,				86.0,			49.0
84.0,			138.0,					52.0,				86.0,			49.0
85.0,			138.0,					52.0,				86.0,			49.0
86.0,			138.0,					52.0,				86.0,			49.0
87.0,			138.0,					52.0,				86.0,			49.0
88.0,			138.0,					52.0,				86.0,			49.0
89.0,			138.0,					52.0,				86.0,			49.0
90.0,			138.0,					52.0,				86.0,			49.0
91.0,			138.0,					52.0,				86.0,			49.0
92.0,			138.0,					52.0,				86.0,			49.0
93.0,			138.0,					52.0,				86.0,			49.0
94.0,			138.0,					52.0,				86.0,			49.0
95.0,			138.0,					52.0,				86.0,			49.0
96.0,			138.0,					52.0,				86.0,			49.0
97.0,			138.0,					52.0,				86.0,			49.0
98.0,			138.0,					52.0,				86.0,			49.0
99.0,			138.0,					52.0,				86.0,			49.0
100.0,			138.0,					52.0,				86.0,			49.0
101.0,			138.0,					52.0,				86.0,			49.0
102.0,			138.0,					52.0,				86.0,			49.0
103.0,			138.0,					52.0,				86.0,			49.0
104.0,			138.0,					52.0,				86.0,			49.0
105.0,			138.0,					52.0,				86.0,			49.0
106.0,			138.0,					52.0,				86.0,			49.0
107.0,			138.0,					52.0,				86.0,			49.0
108.0,			138.0,					52.0,				86.0,			49.0
109.0,			138.0,					52.0,				86.0,			49.0
110.0,			138.0,					52.0,				86.0,			49.0
111.0,			138.0,					52.0,				86.0,			49.0
112.0,			138.0,					52.0,				86.0,			49.0
113.0,			138.0,					52.0,				86.0,			49.0
114.0,			138.0,					52.0,				86.0,			49.0
115.0,			138.0,					52.0,				86.0,			49.0
116.0,			138.0,					52.0,				86.0,			49.0
117.0,			138.0,					52.0,				86.0,			49.0
118.0,			138.0,					52.0,				86.0,			49.0
119.0,			138.0,					52.0,				86.0,			49.0
120.0,			138.0,					52.0,				86.0,			49.0
121.0,			138.0,					52.0,				86.0,			49.0
122.0,			138.0,					52.0,				86.0,			49.0
123.0,			138.0,					52.0,				86.0,			49.0
124.0,			138.0,					52.0,				86.0,			49.0
125.0,			138.0,					52.0,				86.0,			49.0
126.0,			138.0,					52.0,				86.0,			49.0
127.0,			138.0,					52.0,				86.0,			49.0
128.0,			138.0,					52.0,				86.0,			49.0
129.0,			138.0,					52.0,				86.0,			49.0
130.0,			138.0,					52.0,				86.0,			49.0
131.0,			138.0,					52.0,				86.0,			49.0
132.0,			138.0,					52.0,				86.0,			49.0
133.0,			138.0,					52.0,				86.0,			49.0
134.0,			138.0,					52.0,				86.0,			49.0
135.0,			138.0,					52.0,				86.0,			49.0
136.0,			138.0,					52.0,				86.0,			49.0
137.0,			138.0,					52.0,				86.0,			49.0
138.0,			138.0,					52.0,				86.0,			49.0
139.0,			138.0,					52.0,				86.0,			49.0
140.0,			138.0,					52.0,				86.0,			49.0
141.0,			138.0,					52.0,				86.0,			49.0
142.0,			138.0,					52.0,				86.0,			49.0
143.0,			138.0,					52.0,				86.0,			49.0
144.0,			138.0,					52.0,				86.0,			49.0
145.0,			138.0,					52.0,				86.0,			49.0
146.0,			138.0,					52.0,				86.0,			49.0
147.0,			138.0,					52.0,				86.0,			49.0
148.0,			138.0,					52.0,				86.0,			49.0
149.0,			138.0,					52.0,				86.0,			49.0
150.0,			138.0,					52.0,				86.0,			49.0
151.0,			138.0,					52.0,				86.0,			49.0
152.0,			138.0,					52.0,				86.0,			49.0
153.0,			138.0,					52.0,				86.0,			49.0
154.0,			138.0,					52.0,				86.0,			49.0
155.0,			138.0,					52.0,				86.0,			49.0
156.0,			138.0,					51.0,				87.0,			49.0
157.0,			138.0,					51.0,				87.0,			49.0
158.0,			138.0,					50.0,				88.0,			49.0
159.0,			138.0,					50.0,				88.0,			49.0
160.0,			138.0,					50.0,				88.0,			49.0
161.0,			138.0,					50.0,				88.0,			49.0
162.0,			138.0,					50.0,				88.0,			49.0
163.0,			138.0,					50.0,				88.0,			49.0
164.0,			138.0,					50.0,				88.0,			49.0
165.0,			138.0,					50.0,				88.0,			49.0
166.0,			138.0,					50.0,				88.0,			49.0
167.0,			138.0,					50.0,				88.0,			49.0
168.0,			138.0,					50.0,				88.0,			49.0
169.0,			138.0,					50.0,				88.0,			49.0
170.0,			138.0,					50.0,				88.0,			49.0
171.0,			138.0,					50.0,				88.0,			49.0
172.0,			138.0,					50.0,				88.0,			49.0
173.0,			138.0,					50.0,				88.0,			49.0
174.0,			138.0,					50.0,				88.0,			49.0
175.0,			138.0,					50.0,				88.0,			49.0
176.0,			138.0,					50.0,				88.0,			49.0
177.0,			138.0,					50.0,				88.0,			49.0
178.0,			138.0,					50.0,				88.0,			49.0
179.0,			138.0,					50.0,				88.0,			49.0
180.0,			138.0,					50.0,				88.0,			49.0
181.0,			138.0,					49.0,				89.0,			49.0
0.0,			138.0,					138.0,				0.0,			0.0
1.0,			138.0,					138.0,				0.0,			0.0
2.0,			138.0,					137.0,				1.0,			0.0
3.0,			138.0,					137.0,				1.0,			0.0
4.0,			138.0,					136.0,				2.0,			0.0
5.0,			138.0,					136.0,				2.0,			0.0
6.0,			138.0,					136.0,				2.0,			0.0
7.0,			138.0,					136.0,				2.0,			3.0
8.0,			138.0,					136.0,				2.0,			3.0
9.0,			138.0,					136.0,				2.0,			3.0
10.0,			138.0,					136.0,				2.0,			8.0
11.0,			138.0,					135.0,				3.0,			8.0
12.0,			138.0,					134.0,				4.0,			9.0
13.0,			138.0,					133.0,				5.0,			13.0
14.0,			138.0,					131.0,				7.0,			15.0
15.0,			138.0,					129.0,				9.0,			15.0
16.0,			138.0,					129.0,				9.0,			25.0
17.0,			138.0,					128.0,				10.0,			29.0
18.0,			138.0,					128.0,				10.0,			29.0
19.0,			138.0,					128.0,				10.0,			32.0
20.0,			138.0,					128.0,				10.0,			36.0
21.0,			138.0,					128.0,				10.0,			38.0
22.0,			138.0,					128.0,				10.0,			46.0
23.0,			138.0,					127.0,				11.0,			46.0
24.0,			138.0,					126.0,				12.0,			46.0
25.0,			138.0,					126.0,				12.0,			53.0
26.0,			138.0,					126.0,				12.0,			53.0
27.0,			138.0,					126.0,				12.0,			54.0
28.0,			138.0,					126.0,				12.0,			62.0
29.0,			138.0,					126.0,				12.0,			63.0
30.0,			138.0,					126.0,				12.0,			63.0
31.0,			138.0,					126.0,				12.0,			69.0
32.0,			138.0,					126.0,				12.0,			70.0
33.0,			138.0,					126.0,				12.0,			71.0
34.0,			138.0,					126.0,				12.0,			80.0
35.0,			138.0,					126.0,				12.0,			80.0
36.0,			138.0,					126.0,				12.0,			80.0
37.0,			138.0,					126.0,				12.0,			87.0
38.0,			138.0,					126.0,				12.0,			91.0
39.0,			138.0,					126.0,				12.0,			94.0
40.0,			138.0,					126.0,				12.0,			103.0
41.0,			138.0,					126.0,				12.0,			104.0
42.0,			138.0,					126.0,				12.0,			106.0
43.0,			138.0,					126.0,				12.0,			113.0
44.0,			138.0,					126.0,				12.0,			113.0
45.0,			138.0,					126.0,				12.0,			113.0
46.0,			138.0,					126.0,				12.0,			116.0
47.0,			138.0,					126.0,				12.0,			119.0
48.0,			138.0,					126.0,				12.0,			119.0
49.0,			138.0,					126.0,				12.0,			122.0
50.0,			138.0,					126.0,				12.0,			122.0
51.0,			138.0,					126.0,				12.0,			122.0
52.0,			138.0,					126.0,				12.0,			126.0
0.0,			138.0,					138.0,				0.0,			0.0
1.0,			138.0,					137.0,				1.0,			0.0
2.0,			138.0,					137.0,				1.0,			0.0
3.0,			138.0,					137.0,				1.0,			0.0
4.0,			138.0,					137.0,				1.0,			0.0
5.0,			138.0,					137.0,				1.0,			0.0
6.0,			138.0,					137.0,				1.0,			0.0
7.0,			138.0,					137.0,				1.0,			7.0
8.0,			138.0,					137.0,				1.0,			7.0
9.0,			138.0,					137.0,				1.0,			7.0
10.0,			138.0,					137.0,				1.0,			10.0
11.0,			138.0,					137.0,				1.0,			12.0
12.0,			138.0,					137.0,				1.0,			12.0
13.0,			138.0,					137.0,				1.0,			19.0
14.0,			138.0,					137.0,				1.0,			21.0
15.0,			138.0,					137.0,				1.0,			21.0
16.0,			138.0,					137.0,				1.0,			26.0
17.0,			138.0,					137.0,				1.0,			28.0
18.0,			138.0,					137.0,				1.0,			28.0
19.0,			138.0,					137.0,				1.0,			42.0
20.0,			138.0,					137.0,				1.0,			47.0
21.0,			138.0,					137.0,				1.0,			48.0
22.0,			138.0,					137.0,				1.0,			55.0
23.0,			138.0,					137.0,				1.0,			56.0
24.0,			138.0,					137.0,				1.0,			59.0
25.0,			138.0,					137.0,				1.0,			63.0
26.0,			138.0,					137.0,				1.0,			67.0
27.0,			138.0,					137.0,				1.0,			69.0
28.0,			138.0,					137.0,				1.0,			73.0
29.0,			138.0,					137.0,				1.0,			76.0
30.0,			138.0,					137.0,				1.0,			77.0
31.0,			138.0,					137.0,				1.0,			86.0
32.0,			138.0,					137.0,				1.0,			86.0
33.0,			138.0,					137.0,				1.0,			86.0
34.0,			138.0,					137.0,				1.0,			91.0
35.0,			138.0,					137.0,				1.0,			91.0
36.0,			138.0,					137.0,				1.0,			91.0
37.0,			138.0,					137.0,				1.0,			103.0
38.0,			138.0,					137.0,				1.0,			103.0
39.0,			138.0,					137.0,				1.0,			104.0
40.0,			138.0,					137.0,				1.0,			116.0
41.0,			138.0,					137.0,				1.0,			118.0
42.0,			138.0,					137.0,				1.0,			118.0
43.0,			138.0,					137.0,				1.0,			125.0
44.0,			138.0,					137.0,				1.0,			125.0
45.0,			138.0,					137.0,				1.0,			125.0
46.0,			138.0,					137.0,				1.0,			129.0
47.0,			138.0,					137.0,				1.0,			129.0
48.0,			138.0,					137.0,				1.0,			129.0
49.0,			138.0,					137.0,				1.0,			134.0
50.0,			138.0,					137.0,				1.0,			134.0
51.0,			138.0,					137.0,				1.0,			134.0
52.0,			138.0,					137.0,				1.0,			136.0
53.0,			138.0,					137.0,				1.0,			136.0
54.0,			138.0,					137.0,				1.0,			136.0
55.0,			138.0,					137.0,				1.0,			136.0
56.0,			138.0,					137.0,				1.0,			136.0
57.0,			138.0,					137.0,				1.0,			136.0
58.0,			138.0,					137.0,				1.0,			136.0
59.0,			138.0,					137.0,				1.0,			136.0
60.0,			138.0,					137.0,				1.0,			136.0
61.0,			138.0,					137.0,				1.0,			137.0
0.0,			138.0,					138.0,				0.0,			0.0
1.0,			138.0,					137.0,				1.0,			0.0
2.0,			138.0,					137.0,				1.0,			0.0
3.0,			138.0,					137.0,				1.0,			0.0
4.0,			138.0,					137.0,				1.0,			0.0
5.0,			138.0,					137.0,				1.0,			0.0
6.0,			138.0,					137.0,				1.0,			0.0
7.0,			138.0,					137.0,				1.0,			6.0
8.0,			138.0,					137.0,				1.0,			6.0
9.0,			138.0,					137.0,				1.0,			6.0
10.0,			138.0,					137.0,				1.0,			9.0
11.0,			138.0,					137.0,				1.0,			11.0
12.0,			138.0,					137.0,				1.0,			11.0
13.0,			138.0,					137.0,				1.0,			18.0
14.0,			138.0,					137.0,				1.0,			18.0
15.0,			138.0,					137.0,				1.0,			18.0
16.0,			138.0,					137.0,				1.0,			28.0
17.0,			138.0,					137.0,				1.0,			28.0
18.0,			138.0,					137.0,				1.0,			29.0
19.0,			138.0,					137.0,				1.0,			40.0
20.0,			138.0,					137.0,				1.0,			40.0
21.0,			138.0,					137.0,				1.0,			40.0
22.0,			138.0,					137.0,				1.0,			46.0
23.0,			138.0,					137.0,				1.0,			50.0
24.0,			138.0,					137.0,				1.0,			50.0
25.0,			138.0,					137.0,				1.0,			56.0
26.0,			138.0,					137.0,				1.0,			57.0
27.0,			138.0,					137.0,				1.0,			62.0
28.0,			138.0,					137.0,				1.0,			68.0
29.0,			138.0,					137.0,				1.0,			71.0
30.0,			138.0,					137.0,				1.0,			71.0
31.0,			138.0,					137.0,				1.0,			75.0
32.0,			138.0,					137.0,				1.0,			78.0
33.0,			138.0,					137.0,				1.0,			83.0
34.0,			138.0,					137.0,				1.0,			89.0
35.0,			138.0,					137.0,				1.0,			89.0
36.0,			138.0,					137.0,				1.0,			89.0
37.0,			138.0,					137.0,				1.0,			94.0
38.0,			138.0,					137.0,				1.0,			95.0
39.0,			138.0,					137.0,				1.0,			96.0
40.0,			138.0,					137.0,				1.0,			107.0
41.0,			138.0,					137.0,				1.0,			107.0
42.0,			138.0,					137.0,				1.0,			107.0
43.0,			138.0,					137.0,				1.0,			109.0
44.0,			138.0,					137.0,				1.0,			113.0
45.0,			138.0,					137.0,				1.0,			114.0
46.0,			138.0,					137.0,				1.0,			122.0
47.0,			138.0,					137.0,				1.0,			123.0
48.0,			138.0,					137.0,				1.0,			123.0
49.0,			138.0,					137.0,				1.0,			132.0
50.0,			138.0,					137.0,				1.0,			133.0
51.0,			138.0,					137.0,				1.0,			133.0
52.0,			138.0,					137.0,				1.0,			133.0
53.0,			138.0,					137.0,				1.0,			135.0
54.0,			138.0,					137.0,				1.0,			135.0
55.0,			138.0,					137.0,				1.0,			135.0
56.0,			138.0,					137.0,				1.0,			135.0
57.0,			138.0,					137.0,				1.0,			135.0
58.0,			138.0,					137.0,				1.0,			135.0
59.0,			138.0,					137.0,				1.0,			135.0
60.0,			138.0,					137.0,				1.0,			135.0
61.0,			138.0,					137.0,				1.0,			136.0
62.0,			138.0,					137.0,				1.0,			136.0
63.0,			138.0,					137.0,				1.0,			136.0
64.0,			138.0,					137.0,				1.0,			136.0
65.0,			138.0,					137.0,				1.0,			136.0
66.0,			138.0,					137.0,				1.0,			136.0
67.0,			138.0,					137.0,				1.0,			136.0
68.0,			138.0,					137.0,				1.0,			136.0
69.0,			138.0,					137.0,				1.0,			136.0
70.0,			138.0,					137.0,				1.0,			137.0
0.0,			138.0,					138.0,				0.0,			0.0
1.0,			138.0,					138.0,				0.0,			0.0
2.0,			138.0,					138.0,				0.0,			0.0
3.0,			138.0,					138.0,				0.0,			0.0
4.0,			138.0,					138.0,				0.0,			0.0
5.0,			138.0,					136.0,				2.0,			0.0
6.0,			138.0,					135.0,				3.0,			0.0
7.0,			138.0,					134.0,				4.0,			6.0
8.0,			138.0,					134.0,				4.0,			6.0
9.0,			138.0,					131.0,				7.0,			6.0
10.0,			138.0,					129.0,				9.0,			10.0
11.0,			138.0,					128.0,				10.0,			10.0
12.0,			138.0,					127.0,				11.0,			11.0
13.0,			138.0,					123.0,				15.0,			14.0
14.0,			138.0,					120.0,				18.0,			14.0
15.0,			138.0,					115.0,				23.0,			14.0
16.0,			138.0,					113.0,				25.0,			19.0
17.0,			138.0,					112.0,				26.0,			20.0
18.0,			138.0,					111.0,				27.0,			21.0
19.0,			138.0,					107.0,				31.0,			23.0
20.0,			138.0,					103.0,				35.0,			23.0
21.0,			138.0,					95.0,				43.0,			23.0
22.0,			138.0,					92.0,				46.0,			29.0
23.0,			138.0,					91.0,				47.0,			29.0
24.0,			138.0,					90.0,				48.0,			29.0
25.0,			138.0,					88.0,				50.0,			34.0
26.0,			138.0,					87.0,				51.0,			34.0
27.0,			138.0,					81.0,				57.0,			34.0
28.0,			138.0,					80.0,				58.0,			37.0
29.0,			138.0,					77.0,				61.0,			37.0
30.0,			138.0,					72.0,				66.0,			38.0
31.0,			138.0,					71.0,				67.0,			40.0
32.0,			138.0,					69.0,				69.0,			40.0
33.0,			138.0,					66.0,				72.0,			40.0
34.0,			138.0,					66.0,				72.0,			42.0
35.0,			138.0,					65.0,				73.0,			42.0
36.0,			138.0,					62.0,				76.0,			42.0
37.0,			138.0,					61.0,				77.0,			47.0
38.0,			138.0,					61.0,				77.0,			48.0
39.0,			138.0,					60.0,				78.0,			49.0
40.0,			138.0,					59.0,				79.0,			51.0
41.0,			138.0,					59.0,				79.0,			53.0
42.0,			138.0,					56.0,				82.0,			53.0
43.0,			138.0,					56.0,				82.0,			54.0
44.0,			138.0,					56.0,				82.0,			54.0
45.0,			138.0,					56.0,				82.0,			54.0
46.0,			138.0,					56.0,				82.0,			55.0
47.0,			138.0,					56.0,				82.0,			55.0
48.0,			138.0,					56.0,				82.0,			55.0
49.0,			138.0,					56.0,				82.0,			55.0
50.0,			138.0,					56.0,				82.0,			55.0
51.0,			138.0,					56.0,				82.0,			55.0
52.0,			138.0,					56.0,				82.0,			55.0
53.0,			138.0,					56.0,				82.0,			55.0
54.0,			138.0,					56.0,				82.0,			55.0
55.0,			138.0,					56.0,				82.0,			55.0
56.0,			138.0,					56.0,				82.0,			56.0
0.0,			138.0,					138.0,				0.0,			0.0
1.0,			138.0,					136.0,				2.0,			0.0
2.0,			138.0,					136.0,				2.0,			0.0
3.0,			138.0,					135.0,				3.0,			0.0
4.0,			138.0,					133.0,				5.0,			0.0
5.0,			138.0,					132.0,				6.0,			0.0
6.0,			138.0,					132.0,				6.0,			0.0
7.0,			138.0,					131.0,				7.0,			5.0
8.0,			138.0,					130.0,				8.0,			5.0
9.0,			138.0,					128.0,				10.0,			5.0
10.0,			138.0,					128.0,				10.0,			11.0
11.0,			138.0,					128.0,				10.0,			11.0
12.0,			138.0,					126.0,				12.0,			11.0
13.0,			138.0,					126.0,				12.0,			17.0
14.0,			138.0,					126.0,				12.0,			18.0
15.0,			138.0,					124.0,				14.0,			19.0
16.0,			138.0,					123.0,				15.0,			25.0
17.0,			138.0,					123.0,				15.0,			26.0
18.0,			138.0,					122.0,				16.0,			30.0
19.0,			138.0,					121.0,				17.0,			35.0
20.0,			138.0,					121.0,				17.0,			39.0
21.0,			138.0,					120.0,				18.0,			40.0
22.0,			138.0,					120.0,				18.0,			49.0
23.0,			138.0,					120.0,				18.0,			55.0
24.0,			138.0,					120.0,				18.0,			57.0
25.0,			138.0,					120.0,				18.0,			66.0
26.0,			138.0,					120.0,				18.0,			67.0
27.0,			138.0,					120.0,				18.0,			69.0
28.0,			138.0,					120.0,				18.0,			73.0
29.0,			138.0,					120.0,				18.0,			77.0
30.0,			138.0,					120.0,				18.0,			79.0
31.0,			138.0,					120.0,				18.0,			84.0
32.0,			138.0,					120.0,				18.0,			86.0
33.0,			138.0,					120.0,				18.0,			86.0
34.0,			138.0,					120.0,				18.0,			90.0
35.0,			138.0,					120.0,				18.0,			91.0
36.0,			138.0,					120.0,				18.0,			91.0
37.0,			138.0,					120.0,				18.0,			95.0
38.0,			138.0,					120.0,				18.0,			97.0
39.0,			138.0,					119.0,				19.0,			98.0
40.0,			138.0,					119.0,				19.0,			108.0
41.0,			138.0,					117.0,				21.0,			109.0
42.0,			138.0,					117.0,				21.0,			109.0
43.0,			138.0,					117.0,				21.0,			113.0
44.0,			138.0,					117.0,				21.0,			113.0
45.0,			138.0,					117.0,				21.0,			113.0
46.0,			138.0,					117.0,				21.0,			114.0
47.0,			138.0,					117.0,				21.0,			114.0
48.0,			138.0,					117.0,				21.0,			114.0
49.0,			138.0,					117.0,				21.0,			115.0
50.0,			138.0,					117.0,				21.0,			115.0
51.0,			138.0,					117.0,				21.0,			115.0
52.0,			138.0,					117.0,				21.0,			117.0
0.0,			138.0,					138.0,				0.0,			0.0
1.0,			138.0,					136.0,				2.0,			0.0
2.0,			138.0,					136.0,				2.0,			0.0
3.0,			138.0,					135.0,				3.0,			0.0
4.0,			138.0,					135.0,				3.0,			0.0
5.0,			138.0,					135.0,				3.0,			0.0
6.0,			138.0,					135.0,				3.0,			0.0
7.0,			138.0,					135.0,				3.0,			5.0
8.0,			138.0,					135.0,				3.0,			5.0
9.0,			138.0,					135.0,				3.0,			5.0
10.0,			138.0,					135.0,				3.0,			11.0
11.0,			138.0,					135.0,				3.0,			12.0
12.0,			138.0,					135.0,				3.0,			13.0
13.0,			138.0,					135.0,				3.0,			16.0
14.0,			138.0,					135.0,				3.0,			16.0
15.0,			138.0,					135.0,				3.0,			17.0
16.0,			138.0,					135.0,				3.0,			26.0
17.0,			138.0,					135.0,				3.0,			26.0
18.0,			138.0,					135.0,				3.0,			30.0
19.0,			138.0,					135.0,				3.0,			43.0
20.0,			138.0,					135.0,				3.0,			45.0
21.0,			138.0,					135.0,				3.0,			47.0
22.0,			138.0,					135.0,				3.0,			51.0
23.0,			138.0,					135.0,				3.0,			53.0
24.0,			138.0,					135.0,				3.0,			55.0
25.0,			138.0,					135.0,				3.0,			60.0
26.0,			138.0,					135.0,				3.0,			62.0
27.0,			138.0,					135.0,				3.0,			63.0
28.0,			138.0,					135.0,				3.0,			76.0
29.0,			138.0,					135.0,				3.0,			76.0
30.0,			138.0,					135.0,				3.0,			77.0
31.0,			138.0,					135.0,				3.0,			83.0
32.0,			138.0,					135.0,				3.0,			84.0
33.0,			138.0,					135.0,				3.0,			84.0
34.0,			138.0,					135.0,				3.0,			89.0
35.0,			138.0,					135.0,				3.0,			92.0
36.0,			138.0,					135.0,				3.0,			92.0
37.0,			138.0,					135.0,				3.0,			99.0
38.0,			138.0,					135.0,				3.0,			99.0
39.0,			138.0,					135.0,				3.0,			99.0
40.0,			138.0,					135.0,				3.0,			111.0
41.0,			138.0,					135.0,				3.0,			112.0
42.0,			138.0,					135.0,				3.0,			113.0
43.0,			138.0,					135.0,				3.0,			119.0
44.0,			138.0,					135.0,				3.0,			119.0
45.0,			138.0,					135.0,				3.0,			120.0
46.0,			138.0,					135.0,				3.0,			127.0
47.0,			138.0,					135.0,				3.0,			127.0
48.0,			138.0,					135.0,				3.0,			127.0
49.0,			138.0,					135.0,				3.0,			129.0
50.0,			138.0,					135.0,				3.0,			129.0
51.0,			138.0,					135.0,				3.0,			129.0
52.0,			138.0,					135.0,				3.0,			132.0
53.0,			138.0,					135.0,				3.0,			132.0
54.0,			138.0,					135.0,				3.0,			132.0
55.0,			138.0,					135.0,				3.0,			132.0
56.0,			138.0,					135.0,				3.0,			132.0
57.0,			138.0,					135.0,				3.0,			132.0
58.0,			138.0,					135.0,				3.0,			133.0
59.0,			138.0,					135.0,				3.0,			133.0
60.0,			138.0,					135.0,				3.0,			134.0
61.0,			138.0,					135.0,				3.0,			134.0
62.0,			138.0,					135.0,				3.0,			134.0
63.0,			138.0,					135.0,				3.0,			134.0
64.0,			138.0,					135.0,				3.0,			134.0
65.0,			138.0,					135.0,				3.0,			134.0
66.0,			138.0,					135.0,				3.0,			134.0
67.0,			138.0,					135.0,				3.0,			135.0
0.0,			138.0,					138.0,				0.0,			0.0
1.0,			138.0,					136.0,				2.0,			0.0
2.0,			138.0,					136.0,				2.0,			0.0
3.0,			138.0,					136.0,				2.0,			0.0
4.0,			138.0,					136.0,				2.0,			0.0
5.0,			138.0,					135.0,				3.0,			0.0
6.0,			138.0,					133.0,				5.0,			0.0
7.0,			138.0,					133.0,				5.0,			4.0
8.0,			138.0,					133.0,				5.0,			5.0
9.0,			138.0,					131.0,				7.0,			6.0
10.0,			138.0,					131.0,				7.0,			14.0
11.0,			138.0,					131.0,				7.0,			16.0
12.0,			138.0,					131.0,				7.0,			18.0
13.0,			138.0,					131.0,				7.0,			22.0
14.0,			138.0,					131.0,				7.0,			22.0
15.0,			138.0,					131.0,				7.0,			23.0
16.0,			138.0,					131.0,				7.0,			30.0
17.0,			138.0,					131.0,				7.0,			31.0
18.0,			138.0,					131.0,				7.0,			32.0
19.0,			138.0,					131.0,				7.0,			45.0
20.0,			138.0,					131.0,				7.0,			45.0
21.0,			138.0,					131.0,				7.0,			46.0
22.0,			138.0,					131.0,				7.0,			52.0
23.0,			138.0,					131.0,				7.0,			53.0
24.0,			138.0,					131.0,				7.0,			54.0
25.0,			138.0,					131.0,				7.0,			67.0
26.0,			138.0,					131.0,				7.0,			68.0
27.0,			138.0,					131.0,				7.0,			70.0
28.0,			138.0,					131.0,				7.0,			76.0
29.0,			138.0,					131.0,				7.0,			77.0
30.0,			138.0,					131.0,				7.0,			78.0
31.0,			138.0,					131.0,				7.0,			82.0
32.0,			138.0,					131.0,				7.0,			82.0
33.0,			138.0,					131.0,				7.0,			82.0
34.0,			138.0,					131.0,				7.0,			86.0
35.0,			138.0,					131.0,				7.0,			86.0
36.0,			138.0,					131.0,				7.0,			86.0
37.0,			138.0,					131.0,				7.0,			98.0
38.0,			138.0,					131.0,				7.0,			100.0
39.0,			138.0,					131.0,				7.0,			101.0
40.0,			138.0,					131.0,				7.0,			110.0
41.0,			138.0,					131.0,				7.0,			111.0
42.0,			138.0,					131.0,				7.0,			115.0
43.0,			138.0,					131.0,				7.0,			119.0
44.0,			138.0,					131.0,				7.0,			119.0
45.0,			138.0,					131.0,				7.0,			120.0
46.0,			138.0,					131.0,				7.0,			123.0
47.0,			138.0,					131.0,				7.0,			127.0
48.0,			138.0,					131.0,				7.0,			127.0
49.0,			138.0,					131.0,				7.0,			129.0
50.0,			138.0,					131.0,				7.0,			129.0
51.0,			138.0,					131.0,				7.0,			129.0
52.0,			138.0,					131.0,				7.0,			130.0
53.0,			138.0,					131.0,				7.0,			130.0
54.0,			138.0,					131.0,				7.0,			130.0
55.0,			138.0,					131.0,				7.0,			130.0
56.0,			138.0,					131.0,				7.0,			130.0
57.0,			138.0,					131.0,				7.0,			130.0
58.0,			138.0,					131.0,				7.0,			130.0
59.0,			138.0,					131.0,				7.0,			130.0
60.0,			138.0,					131.0,				7.0,			130.0
61.0,			138.0,					131.0,				7.0,			131.0
0.0,			138.0,					138.0,				0.0,			0.0
1.0,			138.0,					138.0,				0.0,			0.0
2.0,			138.0,					138.0,				0.0,			0.0
3.0,			138.0,					138.0,				0.0,			0.0
4.0,			138.0,					138.0,				0.0,			0.0
5.0,			138.0,					138.0,				0.0,			0.0
6.0,			138.0,					138.0,				0.0,			0.0
7.0,			138.0,					137.0,				1.0,			5.0
8.0,			138.0,					137.0,				1.0,			5.0
9.0,			138.0,					136.0,				2.0,			5.0
10.0,			138.0,					136.0,				2.0,			9.0
11.0,			138.0,					136.0,				2.0,			10.0
12.0,			138.0,					134.0,				4.0,			11.0
13.0,			138.0,					132.0,				6.0,			20.0
14.0,			138.0,					132.0,				6.0,			24.0
15.0,			138.0,					131.0,				7.0,			25.0
16.0,			138.0,					131.0,				7.0,			30.0
17.0,			138.0,					130.0,				8.0,			30.0
18.0,			138.0,					130.0,				8.0,			31.0
19.0,			138.0,					129.0,				9.0,			39.0
20.0,			138.0,					129.0,				9.0,			39.0
21.0,			138.0,					129.0,				9.0,			39.0
22.0,			138.0,					129.0,				9.0,			48.0
23.0,			138.0,					129.0,				9.0,			48.0
24.0,			138.0,					129.0,				9.0,			50.0
25.0,			138.0,					129.0,				9.0,			59.0
26.0,			138.0,					129.0,				9.0,			60.0
27.0,			138.0,					129.0,				9.0,			62.0
28.0,			138.0,					129.0,				9.0,			75.0
29.0,			138.0,					129.0,				9.0,			78.0
30.0,			138.0,					129.0,				9.0,			79.0
31.0,			138.0,					129.0,				9.0,			80.0
32.0,			138.0,					129.0,				9.0,			86.0
33.0,			138.0,					129.0,				9.0,			89.0
34.0,			138.0,					129.0,				9.0,			94.0
35.0,			138.0,					129.0,				9.0,			97.0
36.0,			138.0,					129.0,				9.0,			99.0
37.0,			138.0,					129.0,				9.0,			102.0
38.0,			138.0,					129.0,				9.0,			104.0
39.0,			138.0,					129.0,				9.0,			107.0
40.0,			138.0,					129.0,				9.0,			116.0
41.0,			138.0,					129.0,				9.0,			117.0
42.0,			138.0,					129.0,				9.0,			118.0
43.0,			138.0,					129.0,				9.0,			123.0
44.0,			138.0,					129.0,				9.0,			123.0
45.0,			138.0,					129.0,				9.0,			124.0
46.0,			138.0,					129.0,				9.0,			127.0
47.0,			138.0,					129.0,				9.0,			127.0
48.0,			138.0,					129.0,				9.0,			127.0
49.0,			138.0,					129.0,				9.0,			129.0
0.0,			138.0,					138.0,				0.0,			0.0
1.0,			138.0,					138.0,				0.0,			0.0
2.0,			138.0,					138.0,				0.0,			0.0
3.0,			138.0,					138.0,				0.0,			0.0
4.0,			138.0,					137.0,				1.0,			0.0
5.0,			138.0,					137.0,				1.0,			0.0
6.0,			138.0,					137.0,				1.0,			0.0
7.0,			138.0,					137.0,				1.0,			5.0
8.0,			138.0,					137.0,				1.0,			5.0
9.0,			138.0,					137.0,				1.0,			5.0
10.0,			138.0,					137.0,				1.0,			10.0
11.0,			138.0,					136.0,				2.0,			10.0
12.0,			138.0,					136.0,				2.0,			10.0
13.0,			138.0,					136.0,				2.0,			16.0
14.0,			138.0,					136.0,				2.0,			16.0
15.0,			138.0,					136.0,				2.0,			18.0
16.0,			138.0,					136.0,				2.0,			27.0
17.0,			138.0,					136.0,				2.0,			28.0
18.0,			138.0,					136.0,				2.0,			30.0
19.0,			138.0,					136.0,				2.0,			43.0
20.0,			138.0,					136.0,				2.0,			44.0
21.0,			138.0,					136.0,				2.0,			44.0
22.0,			138.0,					136.0,				2.0,			47.0
23.0,			138.0,					136.0,				2.0,			50.0
24.0,			138.0,					136.0,				2.0,			53.0
25.0,			138.0,					136.0,				2.0,			63.0
26.0,			138.0,					136.0,				2.0,			63.0
27.0,			138.0,					136.0,				2.0,			64.0
28.0,			138.0,					136.0,				2.0,			68.0
29.0,			138.0,					136.0,				2.0,			72.0
30.0,			138.0,					136.0,				2.0,			74.0
31.0,			138.0,					136.0,				2.0,			82.0
32.0,			138.0,					136.0,				2.0,			82.0
33.0,			138.0,					136.0,				2.0,			83.0
34.0,			138.0,					136.0,				2.0,			90.0
35.0,			138.0,					136.0,				2.0,			90.0
36.0,			138.0,					136.0,				2.0,			91.0
37.0,			138.0,					136.0,				2.0,			95.0
38.0,			138.0,					136.0,				2.0,			96.0
39.0,			138.0,					136.0,				2.0,			96.0
40.0,			138.0,					136.0,				2.0,			109.0
41.0,			138.0,					136.0,				2.0,			112.0
42.0,			138.0,					136.0,				2.0,			114.0
43.0,			138.0,					136.0,				2.0,			120.0
44.0,			138.0,					136.0,				2.0,			120.0
45.0,			138.0,					136.0,				2.0,			120.0
46.0,			138.0,					136.0,				2.0,			121.0
47.0,			138.0,					136.0,				2.0,			122.0
48.0,			138.0,					136.0,				2.0,			122.0
49.0,			138.0,					136.0,				2.0,			128.0
50.0,			138.0,					136.0,				2.0,			128.0
51.0,			138.0,					136.0,				2.0,			128.0
52.0,			138.0,					136.0,				2.0,			133.0
53.0,			138.0,					136.0,				2.0,			133.0
54.0,			138.0,					136.0,				2.0,			133.0
55.0,			138.0,					136.0,				2.0,			133.0
56.0,			138.0,					136.0,				2.0,			133.0
57.0,			138.0,					136.0,				2.0,			133.0
58.0,			138.0,					136.0,				2.0,			133.0
59.0,			138.0,					136.0,				2.0,			133.0
60.0,			138.0,					136.0,				2.0,			133.0
61.0,			138.0,					136.0,				2.0,			133.0
62.0,			138.0,					136.0,				2.0,			133.0
63.0,			138.0,					136.0,				2.0,			133.0
64.0,			138.0,					136.0,				2.0,			133.0
65.0,			138.0,					136.0,				2.0,			133.0
66.0,			138.0,					136.0,				2.0,			133.0
67.0,			138.0,					136.0,				2.0,			133.0
68.0,			138.0,					136.0,				2.0,			133.0
69.0,			138.0,					136.0,				2.0,			133.0
70.0,			138.0,					136.0,				2.0,			133.0
71.0,			138.0,					136.0,				2.0,			133.0
72.0,			138.0,					136.0,				2.0,			133.0
73.0,			138.0,					136.0,				2.0,			133.0
74.0,			138.0,					136.0,				2.0,			133.0
75.0,			138.0,					136.0,				2.0,			133.0
76.0,			138.0,					136.0,				2.0,			134.0
77.0,			138.0,					136.0,				2.0,			134.0
78.0,			138.0,					136.0,				2.0,			134.0
79.0,			138.0,					136.0,				2.0,			134.0
80.0,			138.0,					136.0,				2.0,			135.0
81.0,			138.0,					136.0,				2.0,			135.0
82.0,			138.0,					136.0,				2.0,			136.0
0.0,			138.0,					138.0,				0.0,			0.0
1.0,			138.0,					137.0,				1.0,			0.0
2.0,			138.0,					137.0,				1.0,			0.0
3.0,			138.0,					135.0,				3.0,			0.0
4.0,			138.0,					135.0,				3.0,			0.0
5.0,			138.0,					135.0,				3.0,			0.0
6.0,			138.0,					135.0,				3.0,			0.0
7.0,			138.0,					135.0,				3.0,			3.0
8.0,			138.0,					135.0,				3.0,			3.0
9.0,			138.0,					135.0,				3.0,			4.0
10.0,			138.0,					135.0,				3.0,			9.0
11.0,			138.0,					135.0,				3.0,			12.0
12.0,			138.0,					135.0,				3.0,			14.0
13.0,			138.0,					135.0,				3.0,			21.0
14.0,			138.0,					135.0,				3.0,			22.0
15.0,			138.0,					135.0,				3.0,			22.0
16.0,			138.0,					134.0,				4.0,			26.0
17.0,			138.0,					134.0,				4.0,			27.0
18.0,			138.0,					134.0,				4.0,			29.0
19.0,			138.0,					133.0,				5.0,			40.0
20.0,			138.0,					133.0,				5.0,			42.0
21.0,			138.0,					133.0,				5.0,			44.0
22.0,			138.0,					132.0,				6.0,			51.0
23.0,			138.0,					132.0,				6.0,			53.0
24.0,			138.0,					130.0,				8.0,			56.0
25.0,			138.0,					130.0,				8.0,			65.0
26.0,			138.0,					130.0,				8.0,			67.0
27.0,			138.0,					130.0,				8.0,			69.0
28.0,			138.0,					130.0,				8.0,			72.0
29.0,			138.0,					130.0,				8.0,			77.0
30.0,			138.0,					128.0,				10.0,			77.0
31.0,			138.0,					128.0,				10.0,			77.0
32.0,			138.0,					126.0,				12.0,			83.0
33.0,			138.0,					126.0,				12.0,			83.0
34.0,			138.0,					126.0,				12.0,			87.0
35.0,			138.0,					126.0,				12.0,			89.0
36.0,			138.0,					126.0,				12.0,			94.0
37.0,			138.0,					124.0,				14.0,			96.0
38.0,			138.0,					124.0,				14.0,			97.0
39.0,			138.0,					124.0,				14.0,			99.0
40.0,			138.0,					124.0,				14.0,			106.0
41.0,			138.0,					124.0,				14.0,			108.0
42.0,			138.0,					124.0,				14.0,			108.0
43.0,			138.0,					124.0,				14.0,			114.0
44.0,			138.0,					124.0,				14.0,			115.0
45.0,			138.0,					124.0,				14.0,			116.0
46.0,			138.0,					124.0,				14.0,			118.0
47.0,			138.0,					124.0,				14.0,			118.0
48.0,			138.0,					124.0,				14.0,			118.0
49.0,			138.0,					124.0,				14.0,			122.0
50.0,			138.0,					124.0,				14.0,			122.0
51.0,			138.0,					124.0,				14.0,			122.0
52.0,			138.0,					124.0,				14.0,			124.0
0.0,			138.0,					138.0,				0.0,			0.0
1.0,			138.0,					137.0,				1.0,			0.0
2.0,			138.0,					137.0,				1.0,			0.0
3.0,			138.0,					137.0,				1.0,			0.0
4.0,			138.0,					137.0,				1.0,			0.0
5.0,			138.0,					136.0,				2.0,			1.0
6.0,			138.0,					136.0,				2.0,			2.0
7.0,			138.0,					135.0,				3.0,			10.0
8.0,			138.0,					133.0,				5.0,			10.0
9.0,			138.0,					133.0,				5.0,			10.0
10.0,			138.0,					133.0,				5.0,			11.0
11.0,			138.0,					133.0,				5.0,			11.0
12.0,			138.0,					133.0,				5.0,			12.0
13.0,			138.0,					133.0,				5.0,			15.0
14.0,			138.0,					133.0,				5.0,			15.0
15.0,			138.0,					132.0,				6.0,			16.0
16.0,			138.0,					132.0,				6.0,			21.0
17.0,			138.0,					132.0,				6.0,			25.0
18.0,			138.0,					132.0,				6.0,			28.0
19.0,			138.0,					132.0,				6.0,			33.0
20.0,			138.0,					132.0,				6.0,			37.0
21.0,			138.0,					132.0,				6.0,			39.0
22.0,			138.0,					131.0,				7.0,			43.0
23.0,			138.0,					130.0,				8.0,			45.0
24.0,			138.0,					130.0,				8.0,			48.0
25.0,			138.0,					130.0,				8.0,			57.0
26.0,			138.0,					130.0,				8.0,			59.0
27.0,			138.0,					129.0,				9.0,			59.0
28.0,			138.0,					129.0,				9.0,			68.0
29.0,			138.0,					129.0,				9.0,			69.0
30.0,			138.0,					129.0,				9.0,			69.0
31.0,			138.0,					128.0,				10.0,			75.0
32.0,			138.0,					128.0,				10.0,			77.0
33.0,			138.0,					128.0,				10.0,			80.0
34.0,			138.0,					126.0,				12.0,			89.0
35.0,			138.0,					125.0,				13.0,			90.0
36.0,			138.0,					125.0,				13.0,			90.0
37.0,			138.0,					125.0,				13.0,			94.0
38.0,			138.0,					125.0,				13.0,			95.0
39.0,			138.0,					125.0,				13.0,			96.0
40.0,			138.0,					124.0,				14.0,			103.0
41.0,			138.0,					124.0,				14.0,			103.0
42.0,			138.0,					124.0,				14.0,			103.0
43.0,			138.0,					124.0,				14.0,			108.0
44.0,			138.0,					124.0,				14.0,			108.0
45.0,			138.0,					124.0,				14.0,			108.0
46.0,			138.0,					124.0,				14.0,			111.0
47.0,			138.0,					124.0,				14.0,			112.0
48.0,			138.0,					124.0,				14.0,			113.0
49.0,			138.0,					124.0,				14.0,			118.0
50.0,			138.0,					124.0,				14.0,			118.0
51.0,			138.0,					124.0,				14.0,			118.0
52.0,			138.0,					124.0,				14.0,			123.0
53.0,			138.0,					124.0,				14.0,			123.0
54.0,			138.0,					124.0,				14.0,			123.0
55.0,			138.0,					124.0,				14.0,			123.0
56.0,			138.0,					124.0,				14.0,			123.0
57.0,			138.0,					124.0,				14.0,			123.0
58.0,			138.0,					124.0,				14.0,			123.0
59.0,			138.0,					124.0,				14.0,			123.0
60.0,			138.0,					124.0,				14.0,			123.0
61.0,			138.0,					124.0,				14.0,			123.0
62.0,			138.0,					124.0,				14.0,			123.0
63.0,			138.0,					124.0,				14.0,			123.0
64.0,			138.0,					124.0,				14.0,			124.0
0.0,			138.0,					138.0,				0.0,			0.0
1.0,			138.0,					137.0,				1.0,			0.0
2.0,			138.0,					137.0,				1.0,			0.0
3.0,			138.0,					131.0,				7.0,			0.0
4.0,			138.0,					131.0,				7.0,			0.0
5.0,			138.0,					130.0,				8.0,			0.0
6.0,			138.0,					128.0,				10.0,			0.0
7.0,			138.0,					125.0,				13.0,			2.0
8.0,			138.0,					125.0,				13.0,			2.0
9.0,			138.0,					123.0,				15.0,			2.0
10.0,			138.0,					123.0,				15.0,			5.0
11.0,			138.0,					123.0,				15.0,			5.0
12.0,			138.0,					122.0,				16.0,			5.0
13.0,			138.0,					121.0,				17.0,			13.0
14.0,			138.0,					121.0,				17.0,			16.0
15.0,			138.0,					119.0,				19.0,			18.0
16.0,			138.0,					119.0,				19.0,			22.0
17.0,			138.0,					119.0,				19.0,			23.0
18.0,			138.0,					118.0,				20.0,			24.0
19.0,			138.0,					118.0,				20.0,			29.0
20.0,			138.0,					118.0,				20.0,			31.0
21.0,			138.0,					118.0,				20.0,			33.0
22.0,			138.0,					118.0,				20.0,			37.0
23.0,			138.0,					118.0,				20.0,			41.0
24.0,			138.0,					118.0,				20.0,			42.0
25.0,			138.0,					118.0,				20.0,			50.0
26.0,			138.0,					118.0,				20.0,			52.0
27.0,			138.0,					118.0,				20.0,			55.0
28.0,			138.0,					118.0,				20.0,			62.0
29.0,			138.0,					118.0,				20.0,			62.0
30.0,			138.0,					118.0,				20.0,			62.0
31.0,			138.0,					118.0,				20.0,			71.0
32.0,			138.0,					118.0,				20.0,			72.0
33.0,			138.0,					118.0,				20.0,			73.0
34.0,			138.0,					118.0,				20.0,			82.0
35.0,			138.0,					118.0,				20.0,			85.0
36.0,			138.0,					118.0,				20.0,			85.0
37.0,			138.0,					118.0,				20.0,			89.0
38.0,			138.0,					118.0,				20.0,			91.0
39.0,			138.0,					118.0,				20.0,			91.0
40.0,			138.0,					118.0,				20.0,			96.0
41.0,			138.0,					118.0,				20.0,			97.0
42.0,			138.0,					118.0,				20.0,			97.0
43.0,			138.0,					118.0,				20.0,			105.0
44.0,			138.0,					118.0,				20.0,			105.0
45.0,			138.0,					118.0,				20.0,			105.0
46.0,			138.0,					118.0,				20.0,			111.0
47.0,			138.0,					118.0,				20.0,			111.0
48.0,			138.0,					117.0,				21.0,			111.0
49.0,			138.0,					117.0,				21.0,			114.0
50.0,			138.0,					117.0,				21.0,			114.0
51.0,			138.0,					117.0,				21.0,			114.0
52.0,			138.0,					117.0,				21.0,			117.0
0.0,			138.0,					138.0,				0.0,			0.0
1.0,			138.0,					138.0,				0.0,			0.0
2.0,			138.0,					138.0,				0.0,			0.0
3.0,			138.0,					137.0,				1.0,			0.0
4.0,			138.0,					137.0,				1.0,			0.0
5.0,			138.0,					136.0,				2.0,			0.0
6.0,			138.0,					135.0,				3.0,			0.0
7.0,			138.0,					135.0,				3.0,			8.0
8.0,			138.0,					135.0,				3.0,			8.0
9.0,			138.0,					134.0,				4.0,			8.0
10.0,			138.0,					133.0,				5.0,			12.0
11.0,			138.0,					133.0,				5.0,			12.0
12.0,			138.0,					131.0,				7.0,			12.0
13.0,			138.0,					131.0,				7.0,			19.0
14.0,			138.0,					128.0,				10.0,			19.0
15.0,			138.0,					128.0,				10.0,			19.0
16.0,			138.0,					127.0,				11.0,			27.0
17.0,			138.0,					126.0,				12.0,			31.0
18.0,			138.0,					126.0,				12.0,			33.0
19.0,			138.0,					126.0,				12.0,			39.0
20.0,			138.0,					126.0,				12.0,			41.0
21.0,			138.0,					126.0,				12.0,			41.0
22.0,			138.0,					125.0,				13.0,			51.0
23.0,			138.0,					125.0,				13.0,			52.0
24.0,			138.0,					125.0,				13.0,			54.0
25.0,			138.0,					125.0,				13.0,			64.0
26.0,			138.0,					125.0,				13.0,			67.0
27.0,			138.0,					125.0,				13.0,			67.0
28.0,			138.0,					125.0,				13.0,			76.0
29.0,			138.0,					125.0,				13.0,			77.0
30.0,			138.0,					125.0,				13.0,			77.0
31.0,			138.0,					125.0,				13.0,			82.0
32.0,			138.0,					125.0,				13.0,			83.0
33.0,			138.0,					125.0,				13.0,			83.0
34.0,			138.0,					125.0,				13.0,			89.0
35.0,			138.0,					123.0,				15.0,			89.0
36.0,			138.0,					123.0,				15.0,			92.0
37.0,			138.0,					123.0,				15.0,			96.0
38.0,			138.0,					123.0,				15.0,			98.0
39.0,			138.0,					123.0,				15.0,			98.0
40.0,			138.0,					123.0,				15.0,			105.0
41.0,			138.0,					123.0,				15.0,			107.0
42.0,			138.0,					123.0,				15.0,			108.0
43.0,			138.0,					123.0,				15.0,			114.0
44.0,			138.0,					123.0,				15.0,			115.0
45.0,			138.0,					123.0,				15.0,			115.0
46.0,			138.0,					123.0,				15.0,			118.0
47.0,			138.0,					123.0,				15.0,			118.0
48.0,			138.0,					123.0,				15.0,			118.0
49.0,			138.0,					123.0,				15.0,			122.0
50.0,			138.0,					123.0,				15.0,			122.0
51.0,			138.0,					123.0,				15.0,			122.0
52.0,			138.0,					123.0,				15.0,			123.0
0.0,			138.0,					138.0,				0.0,			0.0
1.0,			138.0,					137.0,				1.0,			0.0
2.0,			138.0,					137.0,				1.0,			0.0
3.0,			138.0,					136.0,				2.0,			0.0
4.0,			138.0,					135.0,				3.0,			0.0
5.0,			138.0,					133.0,				5.0,			0.0
6.0,			138.0,					133.0,				5.0,			0.0
7.0,			138.0,					132.0,				6.0,			8.0
8.0,			138.0,					131.0,				7.0,			8.0
9.0,			138.0,					129.0,				9.0,			8.0
10.0,			138.0,					129.0,				9.0,			11.0
11.0,			138.0,					128.0,				10.0,			13.0
12.0,			138.0,					128.0,				10.0,			14.0
13.0,			138.0,					128.0,				10.0,			15.0
14.0,			138.0,					127.0,				11.0,			17.0
15.0,			138.0,					127.0,				11.0,			17.0
16.0,			138.0,					127.0,				11.0,			22.0
17.0,			138.0,					127.0,				11.0,			22.0
18.0,			138.0,					127.0,				11.0,			22.0
19.0,			138.0,					127.0,				11.0,			31.0
20.0,			138.0,					127.0,				11.0,			31.0
21.0,			138.0,					127.0,				11.0,			32.0
22.0,			138.0,					126.0,				12.0,			40.0
23.0,			138.0,					126.0,				12.0,			41.0
24.0,			138.0,					125.0,				13.0,			44.0
25.0,			138.0,					123.0,				15.0,			57.0
26.0,			138.0,					121.0,				17.0,			58.0
27.0,			138.0,					121.0,				17.0,			58.0
28.0,			138.0,					121.0,				17.0,			62.0
29.0,			138.0,					121.0,				17.0,			64.0
30.0,			138.0,					120.0,				18.0,			64.0
31.0,			138.0,					120.0,				18.0,			66.0
32.0,			138.0,					119.0,				19.0,			75.0
33.0,			138.0,					119.0,				19.0,			76.0
34.0,			138.0,					119.0,				19.0,			80.0
35.0,			138.0,					119.0,				19.0,			80.0
36.0,			138.0,					119.0,				19.0,			81.0
37.0,			138.0,					119.0,				19.0,			86.0
38.0,			138.0,					119.0,				19.0,			86.0
39.0,			138.0,					119.0,				19.0,			87.0
40.0,			138.0,					119.0,				19.0,			93.0
41.0,			138.0,					119.0,				19.0,			98.0
42.0,			138.0,					119.0,				19.0,			98.0
43.0,			138.0,					119.0,				19.0,			101.0
44.0,			138.0,					119.0,				19.0,			101.0
45.0,			138.0,					119.0,				19.0,			101.0
46.0,			138.0,					119.0,				19.0,			105.0
47.0,			138.0,					119.0,				19.0,			105.0
48.0,			138.0,					119.0,				19.0,			105.0
49.0,			138.0,					119.0,				19.0,			116.0
50.0,			138.0,					118.0,				20.0,			116.0
51.0,			138.0,					118.0,				20.0,			116.0
52.0,			138.0,					118.0,				20.0,			117.0
53.0,			138.0,					118.0,				20.0,			117.0
54.0,			138.0,					118.0,				20.0,			117.0
55.0,			138.0,					118.0,				20.0,			117.0
56.0,			138.0,					118.0,				20.0,			117.0
57.0,			138.0,					118.0,				20.0,			117.0
58.0,			138.0,					118.0,				20.0,			117.0
59.0,			138.0,					118.0,				20.0,			117.0
60.0,			138.0,					118.0,				20.0,			117.0
61.0,			138.0,					118.0,				20.0,			117.0
62.0,			138.0,					118.0,				20.0,			117.0
63.0,			138.0,					118.0,				20.0,			117.0
64.0,			138.0,					118.0,				20.0,			117.0
65.0,			138.0,					118.0,				20.0,			117.0
66.0,			138.0,					118.0,				20.0,			117.0
67.0,			138.0,					118.0,				20.0,			117.0
68.0,			138.0,					118.0,				20.0,			117.0
69.0,			138.0,					118.0,				20.0,			117.0
70.0,			138.0,					118.0,				20.0,			117.0
71.0,			138.0,					118.0,				20.0,			117.0
72.0,			138.0,					118.0,				20.0,			117.0
73.0,			138.0,					118.0,				20.0,			117.0
74.0,			138.0,					118.0,				20.0,			117.0
75.0,			138.0,					118.0,				20.0,			117.0
76.0,			138.0,					118.0,				20.0,			117.0
77.0,			138.0,					118.0,				20.0,			117.0
78.0,			138.0,					118.0,				20.0,			117.0
79.0,			138.0,					118.0,				20.0,			117.0
80.0,			138.0,					118.0,				20.0,			117.0
81.0,			138.0,					118.0,				20.0,			117.0
82.0,			138.0,					118.0,				20.0,			117.0
83.0,			138.0,					118.0,				20.0,			117.0
84.0,			138.0,					118.0,				20.0,			117.0
85.0,			138.0,					118.0,				20.0,			118.0
0.0,			138.0,					138.0,				0.0,			0.0
1.0,			138.0,					136.0,				2.0,			0.0
2.0,			138.0,					135.0,				3.0,			0.0
3.0,			138.0,					133.0,				5.0,			0.0
4.0,			138.0,					133.0,				5.0,			0.0
5.0,			138.0,					132.0,				6.0,			0.0
6.0,			138.0,					132.0,				6.0,			0.0
7.0,			138.0,					132.0,				6.0,			4.0
8.0,			138.0,					132.0,				6.0,			5.0
9.0,			138.0,					132.0,				6.0,			7.0
10.0,			138.0,					132.0,				6.0,			11.0
11.0,			138.0,					132.0,				6.0,			12.0
12.0,			138.0,					131.0,				7.0,			12.0
13.0,			138.0,					131.0,				7.0,			14.0
14.0,			138.0,					130.0,				8.0,			16.0
15.0,			138.0,					128.0,				10.0,			18.0
16.0,			138.0,					128.0,				10.0,			25.0
17.0,			138.0,					128.0,				10.0,			25.0
18.0,			138.0,					126.0,				12.0,			25.0
19.0,			138.0,					125.0,				13.0,			33.0
20.0,			138.0,					125.0,				13.0,			35.0
21.0,			138.0,					125.0,				13.0,			35.0
22.0,			138.0,					125.0,				13.0,			39.0
23.0,			138.0,					125.0,				13.0,			40.0
24.0,			138.0,					125.0,				13.0,			40.0
25.0,			138.0,					125.0,				13.0,			51.0
26.0,			138.0,					125.0,				13.0,			51.0
27.0,			138.0,					125.0,				13.0,			51.0
28.0,			138.0,					125.0,				13.0,			58.0
29.0,			138.0,					125.0,				13.0,			59.0
30.0,			138.0,					125.0,				13.0,			61.0
31.0,			138.0,					125.0,				13.0,			62.0
32.0,			138.0,					124.0,				14.0,			64.0
33.0,			138.0,					124.0,				14.0,			66.0
34.0,			138.0,					124.0,				14.0,			72.0
35.0,			138.0,					124.0,				14.0,			73.0
36.0,			138.0,					124.0,				14.0,			74.0
37.0,			138.0,					124.0,				14.0,			81.0
38.0,			138.0,					124.0,				14.0,			90.0
39.0,			138.0,					124.0,				14.0,			91.0
40.0,			138.0,					124.0,				14.0,			94.0
41.0,			138.0,					124.0,				14.0,			97.0
42.0,			138.0,					124.0,				14.0,			98.0
43.0,			138.0,					124.0,				14.0,			102.0
44.0,			138.0,					124.0,				14.0,			104.0
45.0,			138.0,					124.0,				14.0,			104.0
46.0,			138.0,					124.0,				14.0,			109.0
47.0,			138.0,					124.0,				14.0,			112.0
48.0,			138.0,					124.0,				14.0,			113.0
49.0,			138.0,					124.0,				14.0,			116.0
50.0,			138.0,					124.0,				14.0,			116.0
51.0,			138.0,					124.0,				14.0,			116.0
52.0,			138.0,					124.0,				14.0,			121.0
53.0,			138.0,					124.0,				14.0,			122.0
54.0,			138.0,					124.0,				14.0,			124.0
0.0,			138.0,					138.0,				0.0,			0.0
1.0,			138.0,					138.0,				0.0,			0.0
2.0,			138.0,					138.0,				0.0,			0.0
3.0,			138.0,					138.0,				0.0,			0.0
4.0,			138.0,					138.0,				0.0,			0.0
5.0,			138.0,					137.0,				1.0,			0.0
6.0,			138.0,					137.0,				1.0,			0.0
7.0,			138.0,					136.0,				2.0,			4.0
8.0,			138.0,					136.0,				2.0,			4.0
9.0,			138.0,					136.0,				2.0,			4.0
10.0,			138.0,					136.0,				2.0,			8.0
11.0,			138.0,					135.0,				3.0,			8.0
12.0,			138.0,					135.0,				3.0,			9.0
13.0,			138.0,					135.0,				3.0,			16.0
14.0,			138.0,					134.0,				4.0,			17.0
15.0,			138.0,					134.0,				4.0,			20.0
16.0,			138.0,					134.0,				4.0,			31.0
17.0,			138.0,					133.0,				5.0,			34.0
18.0,			138.0,					133.0,				5.0,			37.0
19.0,			138.0,					133.0,				5.0,			42.0
20.0,			138.0,					131.0,				7.0,			46.0
21.0,			138.0,					131.0,				7.0,			50.0
22.0,			138.0,					131.0,				7.0,			60.0
23.0,			138.0,					131.0,				7.0,			65.0
24.0,			138.0,					131.0,				7.0,			66.0
25.0,			138.0,					131.0,				7.0,			73.0
26.0,			138.0,					131.0,				7.0,			74.0
27.0,			138.0,					131.0,				7.0,			79.0
28.0,			138.0,					131.0,				7.0,			82.0
29.0,			138.0,					131.0,				7.0,			87.0
30.0,			138.0,					131.0,				7.0,			89.0
31.0,			138.0,					131.0,				7.0,			94.0
32.0,			138.0,					131.0,				7.0,			95.0
33.0,			138.0,					131.0,				7.0,			95.0
34.0,			138.0,					131.0,				7.0,			99.0
35.0,			138.0,					131.0,				7.0,			101.0
36.0,			138.0,					131.0,				7.0,			102.0
37.0,			138.0,					131.0,				7.0,			105.0
38.0,			138.0,					131.0,				7.0,			105.0
39.0,			138.0,					131.0,				7.0,			105.0
40.0,			138.0,					131.0,				7.0,			113.0
41.0,			138.0,					130.0,				8.0,			114.0
42.0,			138.0,					130.0,				8.0,			114.0
43.0,			138.0,					130.0,				8.0,			122.0
44.0,			138.0,					130.0,				8.0,			122.0
45.0,			138.0,					130.0,				8.0,			122.0
46.0,			138.0,					130.0,				8.0,			125.0
47.0,			138.0,					130.0,				8.0,			125.0
48.0,			138.0,					130.0,				8.0,			125.0
49.0,			138.0,					130.0,				8.0,			127.0
50.0,			138.0,					130.0,				8.0,			127.0
51.0,			138.0,					130.0,				8.0,			127.0
52.0,			138.0,					130.0,				8.0,			130.0
0.0,			138.0,					138.0,				0.0,			0.0
1.0,			138.0,					138.0,				0.0,			0.0
2.0,			138.0,					138.0,				0.0,			0.0
3.0,			138.0,					138.0,				0.0,			0.0
4.0,			138.0,					138.0,				0.0,			0.0
5.0,			138.0,					137.0,				1.0,			0.0
6.0,			138.0,					137.0,				1.0,			0.0
7.0,			138.0,					136.0,				2.0,			6.0
8.0,			138.0,					136.0,				2.0,			6.0
9.0,			138.0,					135.0,				3.0,			6.0
10.0,			138.0,					135.0,				3.0,			10.0
11.0,			138.0,					134.0,				4.0,			10.0
12.0,			138.0,					134.0,				4.0,			11.0
13.0,			138.0,					134.0,				4.0,			22.0
14.0,			138.0,					133.0,				5.0,			24.0
15.0,			138.0,					133.0,				5.0,			26.0
16.0,			138.0,					132.0,				6.0,			32.0
17.0,			138.0,					132.0,				6.0,			33.0
18.0,			138.0,					132.0,				6.0,			33.0
19.0,			138.0,					132.0,				6.0,			40.0
20.0,			138.0,					132.0,				6.0,			40.0
21.0,			138.0,					132.0,				6.0,			43.0
22.0,			138.0,					132.0,				6.0,			50.0
23.0,			138.0,					132.0,				6.0,			55.0
24.0,			138.0,					132.0,				6.0,			57.0
25.0,			138.0,					132.0,				6.0,			64.0
26.0,			138.0,					132.0,				6.0,			65.0
27.0,			138.0,					132.0,				6.0,			67.0
28.0,			138.0,					132.0,				6.0,			73.0
29.0,			138.0,					132.0,				6.0,			73.0
30.0,			138.0,					132.0,				6.0,			76.0
31.0,			138.0,					132.0,				6.0,			83.0
32.0,			138.0,					132.0,				6.0,			83.0
33.0,			138.0,					132.0,				6.0,			85.0
34.0,			138.0,					132.0,				6.0,			89.0
35.0,			138.0,					132.0,				6.0,			93.0
36.0,			138.0,					132.0,				6.0,			93.0
37.0,			138.0,					132.0,				6.0,			99.0
38.0,			138.0,					132.0,				6.0,			100.0
39.0,			138.0,					132.0,				6.0,			100.0
40.0,			138.0,					132.0,				6.0,			110.0
41.0,			138.0,					132.0,				6.0,			111.0
42.0,			138.0,					132.0,				6.0,			111.0
43.0,			138.0,					131.0,				7.0,			119.0
44.0,			138.0,					131.0,				7.0,			119.0
45.0,			138.0,					131.0,				7.0,			119.0
46.0,			138.0,					131.0,				7.0,			125.0
47.0,			138.0,					131.0,				7.0,			125.0
48.0,			138.0,					131.0,				7.0,			125.0
49.0,			138.0,					131.0,				7.0,			128.0
50.0,			138.0,					131.0,				7.0,			128.0
51.0,			138.0,					131.0,				7.0,			128.0
52.0,			138.0,					131.0,				7.0,			130.0
53.0,			138.0,					131.0,				7.0,			130.0
54.0,			138.0,					131.0,				7.0,			130.0
55.0,			138.0,					131.0,				7.0,			130.0
56.0,			138.0,					131.0,				7.0,			130.0
57.0,			138.0,					131.0,				7.0,			130.0
58.0,			138.0,					131.0,				7.0,			130.0
59.0,			138.0,					131.0,				7.0,			130.0
60.0,			138.0,					131.0,				7.0,			131.0
0.0,			138.0,					138.0,				0.0,			0.0
1.0,			138.0,					138.0,				0.0,			0.0
2.0,			138.0,					137.0,				1.0,			0.0
3.0,			138.0,					137.0,				1.0,			0.0
4.0,			138.0,					137.0,				1.0,			0.0
5.0,			138.0,					137.0,				1.0,			2.0
6.0,			138.0,					136.0,				2.0,			2.0
7.0,			138.0,					136.0,				2.0,			8.0
8.0,			138.0,					136.0,				2.0,			10.0
9.0,			138.0,					136.0,				2.0,			10.0
10.0,			138.0,					136.0,				2.0,			15.0
11.0,			138.0,					136.0,				2.0,			17.0
12.0,			138.0,					136.0,				2.0,			17.0
13.0,			138.0,					136.0,				2.0,			27.0
14.0,			138.0,					135.0,				3.0,			27.0
15.0,			138.0,					135.0,				3.0,			31.0
16.0,			138.0,					135.0,				3.0,			43.0
17.0,			138.0,					135.0,				3.0,			45.0
18.0,			138.0,					135.0,				3.0,			47.0
19.0,			138.0,					135.0,				3.0,			57.0
20.0,			138.0,					135.0,				3.0,			58.0
21.0,			138.0,					134.0,				4.0,			59.0
22.0,			138.0,					134.0,				4.0,			66.0
23.0,			138.0,					134.0,				4.0,			68.0
24.0,			138.0,					134.0,				4.0,			68.0
25.0,			138.0,					134.0,				4.0,			77.0
26.0,			138.0,					134.0,				4.0,			79.0
27.0,			138.0,					134.0,				4.0,			79.0
28.0,			138.0,					134.0,				4.0,			83.0
29.0,			138.0,					134.0,				4.0,			83.0
30.0,			138.0,					134.0,				4.0,			83.0
31.0,			138.0,					134.0,				4.0,			85.0
32.0,			138.0,					134.0,				4.0,			87.0
33.0,			138.0,					134.0,				4.0,			88.0
34.0,			138.0,					134.0,				4.0,			94.0
35.0,			138.0,					134.0,				4.0,			95.0
36.0,			138.0,					134.0,				4.0,			96.0
37.0,			138.0,					134.0,				4.0,			100.0
38.0,			138.0,					134.0,				4.0,			104.0
39.0,			138.0,					134.0,				4.0,			104.0
40.0,			138.0,					134.0,				4.0,			108.0
41.0,			138.0,					134.0,				4.0,			110.0
42.0,			138.0,					134.0,				4.0,			113.0
43.0,			138.0,					134.0,				4.0,			119.0
44.0,			138.0,					134.0,				4.0,			121.0
45.0,			138.0,					134.0,				4.0,			121.0
46.0,			138.0,					134.0,				4.0,			124.0
47.0,			138.0,					134.0,				4.0,			124.0
48.0,			138.0,					134.0,				4.0,			124.0
49.0,			138.0,					134.0,				4.0,			132.0
50.0,			138.0,					134.0,				4.0,			132.0
51.0,			138.0,					134.0,				4.0,			132.0
52.0,			138.0,					134.0,				4.0,			134.0
0.0,			138.0,					138.0,				0.0,			0.0
1.0,			138.0,					138.0,				0.0,			0.0
2.0,			138.0,					138.0,				0.0,			0.0
3.0,			138.0,					138.0,				0.0,			0.0
4.0,			138.0,					138.0,				0.0,			0.0
5.0,			138.0,					138.0,				0.0,			0.0
6.0,			138.0,					138.0,				0.0,			0.0
7.0,			138.0,					138.0,				0.0,			2.0
8.0,			138.0,					138.0,				0.0,			2.0
9.0,			138.0,					138.0,				0.0,			2.0
10.0,			138.0,					138.0,				0.0,			4.0
11.0,			138.0,					136.0,				2.0,			4.0
12.0,			138.0,					134.0,				4.0,			4.0
13.0,			138.0,					133.0,				5.0,			7.0
14.0,			138.0,					133.0,				5.0,			7.0
15.0,			138.0,					133.0,				5.0,			7.0
16.0,			138.0,					133.0,				5.0,			13.0
17.0,			138.0,					133.0,				5.0,			14.0
18.0,			138.0,					133.0,				5.0,			15.0
19.0,			138.0,					132.0,				6.0,			31.0
20.0,			138.0,					132.0,				6.0,			31.0
21.0,			138.0,					132.0,				6.0,			33.0
22.0,			138.0,					132.0,				6.0,			41.0
23.0,			138.0,					131.0,				7.0,			45.0
24.0,			138.0,					131.0,				7.0,			47.0
25.0,			138.0,					130.0,				8.0,			47.0
26.0,			138.0,					130.0,				8.0,			49.0
27.0,			138.0,					128.0,				10.0,			50.0
28.0,			138.0,					127.0,				11.0,			56.0
29.0,			138.0,					126.0,				12.0,			58.0
30.0,			138.0,					125.0,				13.0,			60.0
31.0,			138.0,					125.0,				13.0,			62.0
32.0,			138.0,					125.0,				13.0,			67.0
33.0,			138.0,					124.0,				14.0,			69.0
34.0,			138.0,					123.0,				15.0,			82.0
35.0,			138.0,					123.0,				15.0,			83.0
36.0,			138.0,					123.0,				15.0,			83.0
37.0,			138.0,					122.0,				16.0,			88.0
38.0,			138.0,					122.0,				16.0,			89.0
39.0,			138.0,					122.0,				16.0,			92.0
40.0,			138.0,					121.0,				17.0,			94.0
41.0,			138.0,					121.0,				17.0,			100.0
42.0,			138.0,					121.0,				17.0,			107.0
43.0,			138.0,					121.0,				17.0,			108.0
44.0,			138.0,					121.0,				17.0,			110.0
45.0,			138.0,					121.0,				17.0,			110.0
46.0,			138.0,					121.0,				17.0,			111.0
47.0,			138.0,					121.0,				17.0,			112.0
48.0,			138.0,					121.0,				17.0,			112.0
49.0,			138.0,					121.0,				17.0,			115.0
50.0,			138.0,					121.0,				17.0,			117.0
51.0,			138.0,					121.0,				17.0,			117.0
52.0,			138.0,					121.0,				17.0,			121.0
0.0,			138.0,					138.0,				0.0,			0.0
1.0,			138.0,					138.0,				0.0,			0.0
2.0,			138.0,					138.0,				0.0,			0.0
3.0,			138.0,					138.0,				0.0,			0.0
4.0,			138.0,					137.0,				1.0,			0.0
5.0,			138.0,					137.0,				1.0,			0.0
6.0,			138.0,					137.0,				1.0,			0.0
7.0,			138.0,					136.0,				2.0,			4.0
8.0,			138.0,					135.0,				3.0,			4.0
9.0,			138.0,					135.0,				3.0,			4.0
10.0,			138.0,					134.0,				4.0,			6.0
11.0,			138.0,					133.0,				5.0,			8.0
12.0,			138.0,					133.0,				5.0,			9.0
13.0,			138.0,					132.0,				6.0,			15.0
14.0,			138.0,					132.0,				6.0,			16.0
15.0,			138.0,					132.0,				6.0,			16.0
16.0,			138.0,					131.0,				7.0,			20.0
17.0,			138.0,					131.0,				7.0,			23.0
18.0,			138.0,					131.0,				7.0,			25.0
19.0,			138.0,					131.0,				7.0,			36.0
20.0,			138.0,					131.0,				7.0,			36.0
21.0,			138.0,					131.0,				7.0,			36.0
22.0,			138.0,					131.0,				7.0,			43.0
23.0,			138.0,					131.0,				7.0,			43.0
24.0,			138.0,					131.0,				7.0,			45.0
25.0,			138.0,					131.0,				7.0,			57.0
26.0,			138.0,					131.0,				7.0,			59.0
27.0,			138.0,					131.0,				7.0,			60.0
28.0,			138.0,					131.0,				7.0,			66.0
29.0,			138.0,					131.0,				7.0,			67.0
30.0,			138.0,					131.0,				7.0,			70.0
31.0,			138.0,					131.0,				7.0,			73.0
32.0,			138.0,					131.0,				7.0,			74.0
33.0,			138.0,					131.0,				7.0,			75.0
34.0,			138.0,					131.0,				7.0,			81.0
35.0,			138.0,					131.0,				7.0,			85.0
36.0,			138.0,					131.0,				7.0,			87.0
37.0,			138.0,					131.0,				7.0,			94.0
38.0,			138.0,					131.0,				7.0,			95.0
39.0,			138.0,					131.0,				7.0,			95.0
40.0,			138.0,					131.0,				7.0,			100.0
41.0,			138.0,					131.0,				7.0,			102.0
42.0,			138.0,					131.0,				7.0,			102.0
43.0,			138.0,					131.0,				7.0,			114.0
44.0,			138.0,					131.0,				7.0,			116.0
45.0,			138.0,					131.0,				7.0,			116.0
46.0,			138.0,					131.0,				7.0,			120.0
47.0,			138.0,					131.0,				7.0,			122.0
48.0,			138.0,					131.0,				7.0,			122.0
49.0,			138.0,					131.0,				7.0,			124.0
50.0,			138.0,					131.0,				7.0,			124.0
51.0,			138.0,					131.0,				7.0,			124.0
52.0,			138.0,					131.0,				7.0,			131.0
0.0,			138.0,					138.0,				0.0,			0.0
1.0,			138.0,					138.0,				0.0,			0.0
2.0,			138.0,					138.0,				0.0,			0.0
3.0,			138.0,					138.0,				0.0,			0.0
4.0,			138.0,					138.0,				0.0,			0.0
5.0,			138.0,					138.0,				0.0,			0.0
6.0,			138.0,					138.0,				0.0,			0.0
7.0,			138.0,					138.0,				0.0,			5.0
8.0,			138.0,					138.0,				0.0,			6.0
9.0,			138.0,					138.0,				0.0,			6.0
10.0,			138.0,					138.0,				0.0,			14.0
11.0,			138.0,					138.0,				0.0,			14.0
12.0,			138.0,					137.0,				1.0,			14.0
13.0,			138.0,					137.0,				1.0,			20.0
14.0,			138.0,					137.0,				1.0,			20.0
15.0,			138.0,					137.0,				1.0,			21.0
16.0,			138.0,					136.0,				2.0,			28.0
17.0,			138.0,					135.0,				3.0,			30.0
18.0,			138.0,					133.0,				5.0,			32.0
19.0,			138.0,					133.0,				5.0,			43.0
20.0,			138.0,					133.0,				5.0,			44.0
21.0,			138.0,					133.0,				5.0,			44.0
22.0,			138.0,					133.0,				5.0,			47.0
23.0,			138.0,					133.0,				5.0,			47.0
24.0,			138.0,					133.0,				5.0,			47.0
25.0,			138.0,					133.0,				5.0,			60.0
26.0,			138.0,					133.0,				5.0,			60.0
27.0,			138.0,					133.0,				5.0,			61.0
28.0,			138.0,					133.0,				5.0,			71.0
29.0,			138.0,					133.0,				5.0,			71.0
30.0,			138.0,					133.0,				5.0,			71.0
31.0,			138.0,					133.0,				5.0,			75.0
32.0,			138.0,					133.0,				5.0,			75.0
33.0,			138.0,					133.0,				5.0,			77.0
34.0,			138.0,					133.0,				5.0,			87.0
35.0,			138.0,					133.0,				5.0,			92.0
36.0,			138.0,					133.0,				5.0,			93.0
37.0,			138.0,					133.0,				5.0,			104.0
38.0,			138.0,					133.0,				5.0,			104.0
39.0,			138.0,					133.0,				5.0,			105.0
40.0,			138.0,					133.0,				5.0,			110.0
41.0,			138.0,					133.0,				5.0,			115.0
42.0,			138.0,					133.0,				5.0,			116.0
43.0,			138.0,					133.0,				5.0,			119.0
44.0,			138.0,					133.0,				5.0,			120.0
45.0,			138.0,					133.0,				5.0,			120.0
46.0,			138.0,					133.0,				5.0,			125.0
47.0,			138.0,					133.0,				5.0,			127.0
48.0,			138.0,					133.0,				5.0,			127.0
49.0,			138.0,					133.0,				5.0,			130.0
50.0,			138.0,					133.0,				5.0,			130.0
51.0,			138.0,					133.0,				5.0,			131.0
52.0,			138.0,					133.0,				5.0,			132.0
53.0,			138.0,					133.0,				5.0,			132.0
54.0,			138.0,					133.0,				5.0,			132.0
55.0,			138.0,					133.0,				5.0,			132.0
56.0,			138.0,					133.0,				5.0,			132.0
57.0,			138.0,					133.0,				5.0,			132.0
58.0,			138.0,					133.0,				5.0,			132.0
59.0,			138.0,					133.0,				5.0,			132.0
60.0,			138.0,					133.0,				5.0,			132.0
61.0,			138.0,					133.0,				5.0,			132.0
62.0,			138.0,					133.0,				5.0,			132.0
63.0,			138.0,					133.0,				5.0,			132.0
64.0,			138.0,					133.0,				5.0,			132.0
65.0,			138.0,					133.0,				5.0,			132.0
66.0,			138.0,					133.0,				5.0,			132.0
67.0,			138.0,					133.0,				5.0,			132.0
68.0,			138.0,					133.0,				5.0,			132.0
69.0,			138.0,					133.0,				5.0,			132.0
70.0,			138.0,					133.0,				5.0,			132.0
71.0,			138.0,					133.0,				5.0,			132.0
72.0,			138.0,					133.0,				5.0,			132.0
73.0,			138.0,					133.0,				5.0,			133.0
0.0,			138.0,					138.0,				0.0,			0.0
1.0,			138.0,					138.0,				0.0,			0.0
2.0,			138.0,					138.0,				0.0,			0.0
3.0,			138.0,					138.0,				0.0,			0.0
4.0,			138.0,					138.0,				0.0,			0.0
5.0,			138.0,					137.0,				1.0,			0.0
6.0,			138.0,					137.0,				1.0,			0.0
7.0,			138.0,					137.0,				1.0,			6.0
8.0,			138.0,					137.0,				1.0,			6.0
9.0,			138.0,					137.0,				1.0,			6.0
10.0,			138.0,					137.0,				1.0,			13.0
11.0,			138.0,					137.0,				1.0,			14.0
12.0,			138.0,					137.0,				1.0,			15.0
13.0,			138.0,					137.0,				1.0,			19.0
14.0,			138.0,					137.0,				1.0,			19.0
15.0,			138.0,					137.0,				1.0,			19.0
16.0,			138.0,					137.0,				1.0,			22.0
17.0,			138.0,					137.0,				1.0,			23.0
18.0,			138.0,					137.0,				1.0,			23.0
19.0,			138.0,					137.0,				1.0,			28.0
20.0,			138.0,					137.0,				1.0,			28.0
21.0,			138.0,					137.0,				1.0,			29.0
22.0,			138.0,					137.0,				1.0,			36.0
23.0,			138.0,					137.0,				1.0,			40.0
24.0,			138.0,					137.0,				1.0,			44.0
25.0,			138.0,					137.0,				1.0,			53.0
26.0,			138.0,					137.0,				1.0,			53.0
27.0,			138.0,					137.0,				1.0,			54.0
28.0,			138.0,					137.0,				1.0,			58.0
29.0,			138.0,					137.0,				1.0,			64.0
30.0,			138.0,					137.0,				1.0,			65.0
31.0,			138.0,					137.0,				1.0,			69.0
32.0,			138.0,					137.0,				1.0,			74.0
33.0,			138.0,					137.0,				1.0,			75.0
34.0,			138.0,					137.0,				1.0,			84.0
35.0,			138.0,					137.0,				1.0,			87.0
36.0,			138.0,					137.0,				1.0,			89.0
37.0,			138.0,					137.0,				1.0,			95.0
38.0,			138.0,					137.0,				1.0,			100.0
39.0,			138.0,					137.0,				1.0,			100.0
40.0,			138.0,					137.0,				1.0,			110.0
41.0,			138.0,					137.0,				1.0,			110.0
42.0,			138.0,					137.0,				1.0,			111.0
43.0,			138.0,					137.0,				1.0,			116.0
44.0,			138.0,					137.0,				1.0,			119.0
45.0,			138.0,					137.0,				1.0,			119.0
46.0,			138.0,					137.0,				1.0,			126.0
47.0,			138.0,					137.0,				1.0,			128.0
48.0,			138.0,					137.0,				1.0,			129.0
49.0,			138.0,					137.0,				1.0,			129.0
50.0,			138.0,					137.0,				1.0,			129.0
51.0,			138.0,					137.0,				1.0,			129.0
52.0,			138.0,					137.0,				1.0,			133.0
53.0,			138.0,					137.0,				1.0,			133.0
54.0,			138.0,					137.0,				1.0,			133.0
55.0,			138.0,					137.0,				1.0,			133.0
56.0,			138.0,					137.0,				1.0,			133.0
57.0,			138.0,					137.0,				1.0,			133.0
58.0,			138.0,					137.0,				1.0,			133.0
59.0,			138.0,					137.0,				1.0,			133.0
60.0,			138.0,					137.0,				1.0,			133.0
61.0,			138.0,					137.0,				1.0,			133.0
62.0,			138.0,					137.0,				1.0,			134.0
63.0,			138.0,					137.0,				1.0,			134.0
64.0,			138.0,					137.0,				1.0,			134.0
65.0,			138.0,					137.0,				1.0,			134.0
66.0,			138.0,					137.0,				1.0,			134.0
67.0,			138.0,					137.0,				1.0,			134.0
68.0,			138.0,					137.0,				1.0,			134.0
69.0,			138.0,					137.0,				1.0,			134.0
70.0,			138.0,					137.0,				1.0,			134.0
71.0,			138.0,					137.0,				1.0,			134.0
72.0,			138.0,					137.0,				1.0,			134.0
73.0,			138.0,					137.0,				1.0,			134.0
74.0,			138.0,					137.0,				1.0,			134.0
75.0,			138.0,					137.0,				1.0,			134.0
76.0,			138.0,					137.0,				1.0,			134.0
77.0,			138.0,					137.0,				1.0,			134.0
78.0,			138.0,					137.0,				1.0,			134.0
79.0,			138.0,					137.0,				1.0,			134.0
80.0,			138.0,					137.0,				1.0,			134.0
81.0,			138.0,					137.0,				1.0,			134.0
82.0,			138.0,					137.0,				1.0,			134.0
83.0,			138.0,					137.0,				1.0,			134.0
84.0,			138.0,					137.0,				1.0,			134.0
85.0,			138.0,					137.0,				1.0,			134.0
86.0,			138.0,					137.0,				1.0,			134.0
87.0,			138.0,					137.0,				1.0,			134.0
88.0,			138.0,					137.0,				1.0,			134.0
89.0,			138.0,					137.0,				1.0,			134.0
90.0,			138.0,					137.0,				1.0,			134.0
91.0,			138.0,					137.0,				1.0,			134.0
92.0,			138.0,					137.0,				1.0,			134.0
93.0,			138.0,					137.0,				1.0,			134.0
94.0,			138.0,					137.0,				1.0,			134.0
95.0,			138.0,					137.0,				1.0,			134.0
96.0,			138.0,					137.0,				1.0,			134.0
97.0,			138.0,					137.0,				1.0,			134.0
98.0,			138.0,					137.0,				1.0,			134.0
99.0,			138.0,					137.0,				1.0,			134.0
100.0,			138.0,					137.0,				1.0,			134.0
101.0,			138.0,					137.0,				1.0,			134.0
102.0,			138.0,					137.0,				1.0,			134.0
103.0,			138.0,					137.0,				1.0,			134.0
104.0,			138.0,					137.0,				1.0,			134.0
105.0,			138.0,					137.0,				1.0,			134.0
106.0,			138.0,					137.0,				1.0,			134.0
107.0,			138.0,					137.0,				1.0,			134.0
108.0,			138.0,					137.0,				1.0,			134.0
109.0,			138.0,					137.0,				1.0,			134.0
110.0,			138.0,					137.0,				1.0,			134.0
111.0,			138.0,					137.0,				1.0,			134.0
112.0,			138.0,					137.0,				1.0,			134.0
113.0,			138.0,					137.0,				1.0,			134.0
114.0,			138.0,					137.0,				1.0,			134.0
115.0,			138.0,					137.0,				1.0,			134.0
116.0,			138.0,					137.0,				1.0,			134.0
117.0,			138.0,					137.0,				1.0,			134.0
118.0,			138.0,					137.0,				1.0,			134.0
119.0,			138.0,					137.0,				1.0,			134.0
120.0,			138.0,					137.0,				1.0,			134.0
121.0,			138.0,					137.0,				1.0,			134.0
122.0,			138.0,					137.0,				1.0,			134.0
123.0,			138.0,					137.0,				1.0,			134.0
124.0,			138.0,					137.0,				1.0,			134.0
125.0,			138.0,					137.0,				1.0,			134.0
126.0,			138.0,					137.0,				1.0,			134.0
127.0,			138.0,					137.0,				1.0,			134.0
128.0,			138.0,					137.0,				1.0,			134.0
129.0,			138.0,					137.0,				1.0,			134.0
130.0,			138.0,					137.0,				1.0,			134.0
131.0,			138.0,					137.0,				1.0,			134.0
132.0,			138.0,					137.0,				1.0,			134.0
133.0,			138.0,					137.0,				1.0,			134.0
134.0,			138.0,					137.0,				1.0,			134.0
135.0,			138.0,					137.0,				1.0,			134.0
136.0,			138.0,					137.0,				1.0,			134.0
137.0,			138.0,					137.0,				1.0,			134.0
138.0,			138.0,					137.0,				1.0,			134.0
139.0,			138.0,					137.0,				1.0,			134.0
140.0,			138.0,					137.0,				1.0,			134.0
141.0,			138.0,					137.0,				1.0,			134.0
142.0,			138.0,					137.0,				1.0,			134.0
143.0,			138.0,					137.0,				1.0,			134.0
144.0,			138.0,					137.0,				1.0,			134.0
145.0,			138.0,					137.0,				1.0,			134.0
146.0,			138.0,					137.0,				1.0,			134.0
147.0,			138.0,					137.0,				1.0,			134.0
148.0,			138.0,					137.0,				1.0,			134.0
149.0,			138.0,					137.0,				1.0,			134.0
150.0,			138.0,					137.0,				1.0,			134.0
151.0,			138.0,					137.0,				1.0,			134.0
152.0,			138.0,					137.0,				1.0,			134.0
153.0,			138.0,					137.0,				1.0,			134.0
154.0,			138.0,					137.0,				1.0,			134.0
155.0,			138.0,					137.0,				1.0,			134.0
156.0,			138.0,					137.0,				1.0,			134.0
157.0,			138.0,					137.0,				1.0,			134.0
158.0,			138.0,					137.0,				1.0,			134.0
159.0,			138.0,					137.0,				1.0,			134.0
160.0,			138.0,					137.0,				1.0,			134.0
161.0,			138.0,					137.0,				1.0,			134.0
162.0,			138.0,					137.0,				1.0,			134.0
163.0,			138.0,					137.0,				1.0,			134.0
164.0,			138.0,					137.0,				1.0,			134.0
165.0,			138.0,					137.0,				1.0,			134.0
166.0,			138.0,					137.0,				1.0,			134.0
167.0,			138.0,					137.0,				1.0,			134.0
168.0,			138.0,					137.0,				1.0,			134.0
169.0,			138.0,					137.0,				1.0,			134.0
170.0,			138.0,					137.0,				1.0,			134.0
171.0,			138.0,					137.0,				1.0,			134.0
172.0,			138.0,					137.0,				1.0,			134.0
173.0,			138.0,					137.0,				1.0,			134.0
174.0,			138.0,					137.0,				1.0,			134.0
175.0,			138.0,					137.0,				1.0,			134.0
176.0,			138.0,					137.0,				1.0,			134.0
177.0,			138.0,					137.0,				1.0,			134.0
178.0,			138.0,					137.0,				1.0,			134.0
179.0,			138.0,					137.0,				1.0,			134.0
180.0,			138.0,					137.0,				1.0,			134.0
181.0,			138.0,					137.0,				1.0,			134.0
182.0,			138.0,					137.0,				1.0,			134.0
183.0,			138.0,					137.0,				1.0,			134.0
184.0,			138.0,					137.0,				1.0,			134.0
185.0,			138.0,					137.0,				1.0,			134.0
186.0,			138.0,					137.0,				1.0,			134.0
187.0,			138.0,					137.0,				1.0,			134.0
188.0,			138.0,					137.0,				1.0,			134.0
189.0,			138.0,					137.0,				1.0,			134.0
190.0,			138.0,					137.0,				1.0,			134.0
191.0,			138.0,					137.0,				1.0,			134.0
192.0,			138.0,					137.0,				1.0,			134.0
193.0,			138.0,					137.0,				1.0,			134.0
194.0,			138.0,					137.0,				1.0,			134.0
195.0,			138.0,					137.0,				1.0,			134.0
196.0,			138.0,					137.0,				1.0,			134.0
197.0,			138.0,					137.0,				1.0,			134.0
198.0,			138.0,					137.0,				1.0,			134.0
199.0,			138.0,					137.0,				1.0,			134.0
200.0,			138.0,					137.0,				1.0,			134.0
201.0,			138.0,					137.0,				1.0,			134.0
202.0,			138.0,					137.0,				1.0,			134.0
203.0,			138.0,					137.0,				1.0,			134.0
204.0,			138.0,					137.0,				1.0,			134.0
205.0,			138.0,					137.0,				1.0,			134.0
206.0,			138.0,					137.0,				1.0,			134.0
207.0,			138.0,					137.0,				1.0,			134.0
208.0,			138.0,					137.0,				1.0,			134.0
209.0,			138.0,					137.0,				1.0,			134.0
210.0,			138.0,					137.0,				1.0,			134.0
211.0,			138.0,					137.0,				1.0,			134.0
212.0,			138.0,					137.0,				1.0,			134.0
213.0,			138.0,					137.0,				1.0,			134.0
214.0,			138.0,					137.0,				1.0,			134.0
215.0,			138.0,					137.0,				1.0,			134.0
216.0,			138.0,					137.0,				1.0,			134.0
217.0,			138.0,					137.0,				1.0,			134.0
218.0,			138.0,					137.0,				1.0,			134.0
219.0,			138.0,					137.0,				1.0,			134.0
220.0,			138.0,					137.0,				1.0,			134.0
221.0,			138.0,					137.0,				1.0,			134.0
222.0,			138.0,					137.0,				1.0,			134.0
223.0,			138.0,					137.0,				1.0,			134.0
224.0,			138.0,					137.0,				1.0,			134.0
225.0,			138.0,					137.0,				1.0,			134.0
226.0,			138.0,					137.0,				1.0,			134.0
227.0,			138.0,					137.0,				1.0,			134.0
228.0,			138.0,					137.0,				1.0,			134.0
229.0,			138.0,					137.0,				1.0,			134.0
230.0,			138.0,					137.0,				1.0,			134.0
231.0,			138.0,					137.0,				1.0,			134.0
232.0,			138.0,					137.0,				1.0,			134.0
233.0,			138.0,					137.0,				1.0,			134.0
234.0,			138.0,					137.0,				1.0,			134.0
235.0,			138.0,					137.0,				1.0,			134.0
236.0,			138.0,					137.0,				1.0,			134.0
237.0,			138.0,					137.0,				1.0,			134.0
238.0,			138.0,					137.0,				1.0,			134.0
239.0,			138.0,					137.0,				1.0,			134.0
240.0,			138.0,					137.0,				1.0,			134.0
241.0,			138.0,					137.0,				1.0,			134.0
242.0,			138.0,					137.0,				1.0,			134.0
243.0,			138.0,					137.0,				1.0,			134.0
244.0,			138.0,					137.0,				1.0,			134.0
245.0,			138.0,					137.0,				1.0,			134.0
246.0,			138.0,					137.0,				1.0,			134.0
247.0,			138.0,					137.0,				1.0,			134.0
248.0,			138.0,					137.0,				1.0,			134.0
249.0,			138.0,					137.0,				1.0,			134.0
250.0,			138.0,					137.0,				1.0,			134.0
251.0,			138.0,					137.0,				1.0,			134.0
252.0,			138.0,					137.0,				1.0,			134.0
253.0,			138.0,					137.0,				1.0,			134.0
254.0,			138.0,					137.0,				1.0,			134.0
255.0,			138.0,					137.0,				1.0,			134.0
256.0,			138.0,					137.0,				1.0,			134.0
257.0,			138.0,					137.0,				1.0,			134.0
258.0,			138.0,					137.0,				1.0,			134.0
259.0,			138.0,					137.0,				1.0,			134.0
260.0,			138.0,					137.0,				1.0,			134.0
261.0,			138.0,					137.0,				1.0,			134.0
262.0,			138.0,					137.0,				1.0,			134.0
263.0,			138.0,					137.0,				1.0,			134.0
264.0,			138.0,					137.0,				1.0,			134.0
265.0,			138.0,					137.0,				1.0,			134.0
266.0,			138.0,					137.0,				1.0,			134.0
267.0,			138.0,					137.0,				1.0,			134.0
268.0,			138.0,					137.0,				1.0,			134.0
269.0,			138.0,					137.0,				1.0,			134.0
270.0,			138.0,					137.0,				1.0,			134.0
271.0,			138.0,					137.0,				1.0,			134.0
272.0,			138.0,					137.0,				1.0,			134.0
273.0,			138.0,					137.0,				1.0,			134.0
274.0,			138.0,					137.0,				1.0,			134.0
275.0,			138.0,					137.0,				1.0,			134.0
276.0,			138.0,					137.0,				1.0,			134.0
277.0,			138.0,					137.0,				1.0,			134.0
278.0,			138.0,					137.0,				1.0,			134.0
279.0,			138.0,					137.0,				1.0,			134.0
280.0,			138.0,					137.0,				1.0,			134.0
281.0,			138.0,					137.0,				1.0,			134.0
282.0,			138.0,					137.0,				1.0,			134.0
283.0,			138.0,					137.0,				1.0,			134.0
284.0,			138.0,					137.0,				1.0,			134.0
285.0,			138.0,					137.0,				1.0,			134.0
286.0,			138.0,					137.0,				1.0,			134.0
287.0,			138.0,					137.0,				1.0,			135.0
288.0,			138.0,					137.0,				1.0,			137.0
